Rank  | Name             | TS | W - L | Lifeforce

1     | AstelliaJC       | 1  | 3 - 0 | 15,373,288
2     | CyberCrime       | 10  | 3 - 0 | 14,549,028
3     | Peanut           | 5  | 3 - 0 | 14,526,216
4     | メロンパン            | 2  | 3 - 0 | 14,279,887
5     | Malchi           | 9  | 3 - 0 | 14,162,417
6     | 404              | 4  | 3 - 0 | 13,324,334
7     | Luminous         | 7  | 3 - 0 | 13,216,318
8     | Mocha            | 7  | 3 - 0 | 13,139,686
9     | Cohesion         | 3  | 3 - 0 | 12,968,607
10    | Angelis          | 9  | 3 - 0 | 12,590,625
11    | Donut            | 6  | 3 - 0 | 12,432,945
12    | SINoALICE        | 13  | 3 - 0 | 12,375,187
13    | 오리너구리            | 12  | 3 - 0 | 12,296,345
14    | LaffyRaffy       | 8  | 3 - 0 | 12,289,475
15    | thonkguild       | 10  | 2 - 1 | 11,908,054
16    | 벚꽃               | 12  | 3 - 0 | 11,788,501
17    | Boss             | 12  | 2 - 1 | 11,717,417
18    | Twelve           | 9  | 2 - 1 | 11,398,297
19    | 즐거운우리집           | 13  | 3 - 0 | 11,249,897
20    | Noxious          | 4  | 2 - 1 | 11,197,885
21    | LOVELESS         | 6  | 2 - 1 | 11,164,676
22    | RawHotDog        | 8  | 3 - 0 | 11,136,277
23    | Reverie          | 8  | 2 - 1 | 11,035,916
24    | Loaf             | 7  | 2 - 1 | 10,661,952
25    | Liquid           | 10  | 3 - 0 | 10,627,601
26    | 6Baguettes       | 5  | 3 - 0 | 10,538,363
27    | FullMoonCafe     | 6  | 3 - 0 | 10,518,541
28    | 2LS              | 11  | 3 - 0 | 10,493,785
29    | Itzy             | 7  | 2 - 1 | 10,466,800
30    | Caribe           | 8  | 2 - 1 | 10,449,496
31    | Forget2Play      | 11  | 2 - 1 | 10,444,084
32    | Roselia          | 4  | 2 - 1 | 10,319,356
33    | 디시인사이드           | 11  | 3 - 0 | 10,219,024
34    | Ogygia           | 1  | 3 - 0 | 10,192,194
35    | Realm            | 4  | 3 - 0 | 10,152,817
36    | OrcinusOrca      | 7  | 3 - 0 | 10,064,737
37    | Weebs            | 5  | 3 - 0 | 9,981,621
38    | Insomniacs       | 6  | 2 - 1 | 9,973,631
39    | FinalAct         | 10  | 3 - 0 | 9,874,882
40    | Tartarus         | 8  | 3 - 0 | 9,855,882
41    | Scripted         | 11  | 2 - 1 | 9,852,254
42    | Typhon           | 9  | 3 - 0 | 9,843,244
43    | Brotherhood      | 9  | 2 - 1 | 9,814,612
44    | M&C              | 7  | 2 - 1 | 9,805,412
45    | Rebirth          | 9  | 2 - 1 | 9,739,322
46    | Fantasy          | 8  | 3 - 0 | 9,723,047
47    | uwu♡~            | 1  | 2 - 1 | 9,694,627
48    | Rebel            | 11  | 2 - 1 | 9,686,879
49    | Agony            | 6  | 2 - 1 | 9,638,234
50    | Armada           | 8  | 2 - 1 | 9,625,947
51    | FTRAP            | 1  | 2 - 1 | 9,539,805
52    | AI               | 8  | 2 - 1 | 9,526,794
53    | KaboomBoomBoom   | 3  | 2 - 1 | 9,455,672
54    | (주)월하미인          | 13  | 2 - 1 | 9,423,603
55    | LawIsThicc       | 9  | 2 - 1 | 9,410,727
56    | UNDRGROUND       | 1  | 2 - 1 | 9,313,226
57    | Astryx           | 8  | 2 - 1 | 9,246,557
58    | Coldbrew         | 13  | 3 - 0 | 9,205,990
59    | Elysium          | 4  | 3 - 0 | 9,157,073
60    | Secret_Garden    | 4  | 2 - 1 | 9,115,045
61    | Almond           | 13  | 2 - 1 | 9,047,934
62    | SleepingAngels   | 10  | 3 - 0 | 9,007,680
63    | [_]              | 3  | 2 - 1 | 8,975,000
64    | Vesto            | 5  | 2 - 1 | 8,957,500
65    | Abhorsen         | 7  | 2 - 1 | 8,936,147
66    | LunarTear        | 7  | 3 - 0 | 8,923,701
67    | 영원               | 12  | 3 - 0 | 8,886,761
68    | PowerUP          | 9  | 3 - 0 | 8,877,655
69    | HoloLive         | 12  | 3 - 0 | 8,862,785
70    | MilkVoid         | 9  | 2 - 1 | 8,814,335
71    | Choten           | 6  | 2 - 1 | 8,752,165
72    | RuriBestWaifu    | 9  | 2 - 1 | 8,750,719
73    | Squids           | 5  | 2 - 1 | 8,743,388
74    | 설화               | 13  | 2 - 1 | 8,633,275
75    | Pray4Texas       | 8  | 2 - 1 | 8,597,354
76    | Revive           | 8  | 2 - 1 | 8,597,113
77    | ClammyClam       | 5  | 2 - 1 | 8,592,015
78    | mnemonic         | 7  | 2 - 1 | 8,579,673
79    | [Not]Eternia     | 9  | 3 - 0 | 8,566,496
80    | Phantasmagoria   | 5  | 2 - 1 | 8,557,072
81    | TheNut           | 8  | 2 - 1 | 8,550,710
82    | SINoABBY         | 8  | 2 - 1 | 8,537,447
83    | Enigami          | 12  | 2 - 1 | 8,519,734
84    | Kali             | 5  | 3 - 0 | 8,509,692
85    | Darkness         | 7  | 3 - 0 | 8,501,804
86    | 뉴비               | 12  | 2 - 1 | 8,475,794
87    | ♤♡Palace♧♢       | 1  | 2 - 1 | 8,466,168
88    | 새벽               | 13  | 3 - 0 | 8,423,900
89    | KokoDayo         | 5  | 2 - 1 | 8,419,717
90    | PhantomTroupe    | 10  | 3 - 0 | 8,397,154
91    | Nexus            | 9  | 3 - 0 | 8,396,767
92    | Chunchunmaru     | 7  | 2 - 1 | 8,380,351
93    | YoRha            | 5  | 3 - 0 | 8,361,172
94    | Daybreak         | 13  | 3 - 0 | 8,297,328
95    | Hellions         | 4  | 3 - 0 | 8,265,994
96    | 마굿간              | 13  | 3 - 0 | 8,240,135
97    | Codex            | 5  | 2 - 1 | 8,224,741
98    | Nyantropy        | 10  | 3 - 0 | 8,224,214
99    | Wu               | 9  | 2 - 1 | 8,175,160
100   | Everlasting      | 6  | 2 - 1 | 8,172,673
101   | Corosars         | 1  | 2 - 1 | 8,170,200
102   | Elkia            | 1  | 3 - 0 | 8,118,571
103   | Phantagasm       | 10  | 2 - 1 | 8,096,331
104   | Birbs            | 5  | 2 - 1 | 8,093,873
105   | Moogles          | 6  | 2 - 1 | 8,092,772
106   | 만사귀찮             | 1  | 2 - 1 | 8,001,472
107   | Chronicles       | 1  | 1 - 2 | 7,999,919
108   | Reunion          | 4  | 2 - 1 | 7,984,195
109   | Neko★彡彡          | 13  | 2 - 1 | 7,968,840
110   | VeXille          | 4  | 2 - 1 | 7,956,813
111   | ㄴㄱ               | 7  | 2 - 1 | 7,955,243
112   | JustUsFrogsAgain | 4  | 2 - 1 | 7,923,818
113   | thinkguild       | 10  | 2 - 1 | 7,905,097
114   | Arcanum          | 4  | 3 - 0 | 7,829,999
115   | 문제아              | 13  | 2 - 1 | 7,816,506
116   | Pain.            | 1  | 2 - 1 | 7,806,403
117   | Ichariba         | 1  | 2 - 1 | 7,804,210
118   | ☆☆LAZe☆☆         | 7  | 3 - 0 | 7,799,408
119   | Memento          | 11  | 2 - 1 | 7,771,987
120   | Elegy            | 10  | 2 - 1 | 7,763,458
121   | Toast            | 7  | 2 - 1 | 7,763,303
122   | Stardust         | 4  | 2 - 1 | 7,732,334
123   | Chaldea          | 3  | 3 - 0 | 7,712,601
124   | 765Pro           | 4  | 2 - 1 | 7,702,681
125   | Uncharted        | 5  | 2 - 1 | 7,677,730
126   | 『MR』             | 9  | 2 - 1 | 7,669,883
127   | Another          | 8  | 2 - 1 | 7,663,617
128   | Avenoir          | 9  | 2 - 1 | 7,657,096
129   | Shade            | 6  | 3 - 0 | 7,651,023
130   | Hollow           | 10  | 2 - 1 | 7,643,355
131   | Nyaaa            | 9  | 2 - 1 | 7,629,786
132   | 【﻿ＢＬＩＮＫ】         | 11  | 2 - 1 | 7,626,896
133   | Belial           | 8  | 2 - 1 | 7,622,281
134   | ♥Not101AgainPlz♥ | 10  | 2 - 1 | 7,541,402
135   | SANCTUM          | 5  | 2 - 1 | 7,535,171
136   | PlayWoW          | 13  | 2 - 1 | 7,535,082
137   | UmaruLand        | 8  | 2 - 1 | 7,530,621
138   | Quebec           | 6  | 1 - 2 | 7,527,319
139   | Gods             | 7  | 2 - 1 | 7,516,972
140   | Tempest          | 12  | 3 - 0 | 7,515,024
141   | EatPant2         | 10  | 3 - 0 | 7,507,581
142   | Encore           | 13  | 2 - 1 | 7,487,933
143   | Genocide         | 12  | 2 - 1 | 7,481,674
144   | SandbaggingShira | 13  | 2 - 1 | 7,466,076
145   | Rapture          | 4  | 2 - 1 | 7,461,437
146   | 幼儿园              | 10  | 2 - 1 | 7,459,477
147   | Dabbers          | 5  | 2 - 1 | 7,456,653
148   | Lucklets         | 4  | 3 - 0 | 7,455,902
149   | Noragami         | 4  | 2 - 1 | 7,445,545
150   | Dream            | 9  | 2 - 1 | 7,394,541
151   | TeamPetty        | 5  | 3 - 0 | 7,360,273
152   | Harmony          | 4  | 2 - 1 | 7,334,586
153   | CatCafé          | 5  | 3 - 0 | 7,323,451
154   | KAIJU            | 8  | 2 - 1 | 7,316,667
155   | Pokespoiler      | 6  | 2 - 1 | 7,309,096
156   | Roanapur         | 12  | 2 - 1 | 7,308,562
157   | Lunar日食          | 8  | 2 - 1 | 7,308,546
158   | 한국산흑우단           | 12  | 2 - 1 | 7,297,958
159   | WildRose         | 8  | 2 - 1 | 7,296,772
160   | LammyCult        | 9  | 3 - 0 | 7,280,096
161   | Yozora           | 6  | 2 - 1 | 7,279,676
162   | Imperial         | 7  | 2 - 1 | 7,275,463
163   | PHAEDRA          | 10  | 2 - 1 | 7,257,334
164   | Meow             | 4  | 3 - 0 | 7,241,473
165   | Genesis          | 8  | 3 - 0 | 7,234,175
166   | Happy            | 12  | 2 - 1 | 7,232,126
167   | 카레맛집             | 12  | 2 - 1 | 7,231,837
168   | Frans            | 8  | 2 - 1 | 7,208,281
169   | Phantoms         | 2  | 2 - 1 | 7,174,374
170   | 냥냥펀치             | 13  | 2 - 1 | 7,129,163
171   | AstessiaJC       | 13  | 2 - 1 | 7,125,019
172   | Nightfall        | 12  | 3 - 0 | 7,122,382
173   | GranWing         | 5  | 2 - 1 | 7,118,986
174   | Alliance         | 9  | 2 - 1 | 7,068,459
175   | Puzzles          | 9  | 2 - 1 | 7,050,713
176   | OuRHa            | 6  | 2 - 1 | 7,050,448
177   | 福Lucky♡          | 1  | 3 - 0 | 7,044,644
178   | 코코는병아리           | 11  | 3 - 0 | 7,033,595
179   | Pekoland         | 1  | 2 - 1 | 7,028,279
180   | 블랙소울             | 13  | 2 - 1 | 7,026,855
181   | Starry           | 10  | 2 - 1 | 7,021,925
182   | Marigold         | 5  | 2 - 1 | 7,016,446
183   | 9Realms          | 6  | 2 - 1 | 6,979,888
184   | WildHunt         | 6  | 2 - 1 | 6,979,557
185   | Ragnarokr        | 10  | 2 - 1 | 6,976,586
186   | Arroz            | 6  | 2 - 1 | 6,972,968
187   | Reroll-Yubi      | 10  | 2 - 1 | 6,939,898
188   | ZaWarudo         | 3  | 2 - 1 | 6,932,932
189   | GrimTale         | 5  | 3 - 0 | 6,916,449
190   | Avarice          | 10  | 2 - 1 | 6,900,325
191   | LosMiMichitos    | 9  | 2 - 1 | 6,895,384
192   | owo7             | 13  | 1 - 2 | 6,883,584
193   | BloodOath        | 1  | 2 - 1 | 6,874,173
194   | Solis            | 5  | 2 - 1 | 6,872,170
195   | BlackRose        | 6  | 3 - 0 | 6,870,280
196   | Aeternum         | 1  | 3 - 0 | 6,852,038
197   | ᴇᴠɪʟ☬ɢᴇɴɪᴜꜱᴇꜱ    | 7  | 2 - 1 | 6,850,054
198   | Baguette         | 5  | 2 - 1 | 6,847,683
199   | WeebLand         | 2  | 2 - 1 | 6,842,992
200   | TARDIS           | 4  | 2 - 1 | 6,836,835
201   | Necronomicon     | 10  | 2 - 1 | 6,826,434
202   | Hazelnut         | 5  | 2 - 1 | 6,813,833
203   | 잔향               | 12  | 2 - 1 | 6,807,758
204   | Wall-Nut         | 9  | 2 - 1 | 6,805,102
205   | Squids           | 10  | 2 - 1 | 6,791,340
206   | RosaGigantea     | 8  | 2 - 1 | 6,779,780
207   | YoRHa            | 2  | 3 - 0 | 6,764,381
208   | Oldworld         | 3  | 3 - 0 | 6,743,843
209   | 14vs1            | 1  | 2 - 1 | 6,742,547
210   | Nutella          | 12  | 2 - 1 | 6,737,662
211   | ZODIAC           | 13  | 2 - 1 | 6,723,075
212   | Memories         | 1  | 3 - 0 | 6,678,609
213   | Ecstasy          | 1  | 2 - 1 | 6,664,470
214   | FuwaFuwa         | 11  | 2 - 1 | 6,663,384
215   | HupGuard         | 5  | 2 - 1 | 6,661,430
216   | Mjødhall         | 5  | 2 - 1 | 6,631,503
217   | Ohanami          | 11  | 2 - 1 | 6,630,589
218   | Odyssey          | 5  | 2 - 1 | 6,624,480
219   | Lunatear         | 11  | 3 - 0 | 6,617,637
220   | 밤하늘              | 1  | 2 - 1 | 6,613,604
221   | Avantheim        | 13  | 2 - 1 | 6,611,650
222   | Smh-3-           | 9  | 2 - 1 | 6,610,385
223   | BookClub         | 9  | 2 - 1 | 6,606,550
224   | Vesperia         | 7  | 2 - 1 | 6,601,686
225   | OnceUpon         | 10  | 2 - 1 | 6,570,714
226   | Aether           | 8  | 2 - 1 | 6,559,073
227   | Eternum          | 8  | 2 - 1 | 6,554,827
228   | Salvation™       | 5  | 2 - 1 | 6,551,970
229   | KARMA            | 5  | 2 - 1 | 6,549,620
230   | AllStars         | 4  | 2 - 1 | 6,545,830
231   | LuckyOrb         | 6  | 3 - 0 | 6,540,138
232   | Xoriat           | 9  | 2 - 1 | 6,535,907
233   | Mexicore         | 8  | 2 - 1 | 6,533,857
234   | ꧁SnowSanctuary꧂  | 11  | 2 - 1 | 6,532,914
235   | Revive20SP       | 4  | 2 - 1 | 6,526,377
236   | CaSINo           | 3  | 2 - 1 | 6,514,756
237   | ArkainaKore      | 8  | 2 - 1 | 6,508,777
238   | MilkTea自         | 1  | 2 - 1 | 6,488,798
239   | SunnyDay~        | 12  | 2 - 1 | 6,483,316
240   | Pleiades         | 10  | 2 - 1 | 6,479,692
241   | La_Secte         | 5  | 2 - 1 | 6,435,148
242   | Mistborn         | 5  | 2 - 1 | 6,432,738
243   | Shikibu          | 9  | 2 - 1 | 6,424,554
244   | Alice            | 1  | 2 - 1 | 6,396,233
245   | BlackBox         | 4  | 2 - 1 | 6,388,736
246   | DârkSîn          | 10  | 2 - 1 | 6,362,603
247   | Abandoned        | 3  | 3 - 0 | 6,354,126
248   | Cirque           | 9  | 1 - 2 | 6,347,862
249   | Hysteria         | 4  | 2 - 1 | 6,344,031
250   | Alabaster        | 9  | 2 - 1 | 6,333,604
251   | GrandSouls       | 10  | 2 - 1 | 6,316,506
252   | Cthuwu           | 10  | 2 - 1 | 6,308,309
253   | Guardians        | 12  | 2 - 1 | 6,307,558
254   | BeAsG0Ds         | 5  | 2 - 1 | 6,305,095
255   | Otaku            | 9  | 2 - 1 | 6,293,626
256   | .·´✧Depora✧`·.   | 7  | 2 - 1 | 6,292,367
257   | SINcerity        | 5  | 2 - 1 | 6,278,797
258   | Faustian         | 7  | 2 - 1 | 6,270,540
259   | ☆Soulmate☆       | 11  | 2 - 1 | 6,269,001
260   | Elegy            | 6  | 2 - 1 | 6,265,951
261   | Abyss            | 8  | 1 - 2 | 6,263,342
262   | EndofPariah      | 5  | 2 - 1 | 6,261,602
263   | KuroiUta         | 3  | 3 - 0 | 6,261,243
264   | Blank            | 5  | 2 - 1 | 6,253,628
265   | Niflheim         | 11  | 2 - 1 | 6,222,164
266   | 7thElement       | 8  | 2 - 1 | 6,208,762
267   | iGod             | 6  | 2 - 1 | 6,205,656
268   | Punny            | 7  | 2 - 1 | 6,198,618
269   | Noobs            | 9  | 2 - 1 | 6,193,781
270   | RLC              | 13  | 2 - 1 | 6,192,636
271   | Bellum           | 8  | 2 - 1 | 6,185,840
272   | HachikujiMayoi   | 6  | 2 - 1 | 6,161,321
273   | DayDream         | 5  | 1 - 2 | 6,155,752
274   | TheNorth         | 7  | 2 - 1 | 6,154,720
275   | Divine           | 9  | 2 - 1 | 6,147,522
276   | Bullied          | 10  | 2 - 1 | 6,145,040
277   | Imperium         | 3  | 2 - 1 | 6,132,629
278   | Schwert          | 10  | 2 - 1 | 6,131,151
279   | Pariah           | 4  | 1 - 2 | 6,130,197
280   | Destiny          | 3  | 2 - 1 | 6,122,476
281   | Nameless         | 8  | 2 - 1 | 6,120,956
282   | Stellar          | 13  | 2 - 1 | 6,107,065
283   | Hopeless         | 8  | 2 - 1 | 6,104,959
284   | Lost_Cause       | 10  | 2 - 1 | 6,102,363
285   | SOX天国            | 9  | 2 - 1 | 6,086,869
286   | Oracles          | 7  | 2 - 1 | 6,077,110
287   | X̷I̷I̷I̷         | 7  | 2 - 1 | 6,067,640
288   | Re:ℤer๏          | 9  | 2 - 1 | 6,064,627
289   | Hokuten-Knights  | 4  | 2 - 1 | 6,059,823
290   | CULToSUNNY       | 3  | 3 - 0 | 6,052,373
291   | Azur             | 3  | 2 - 1 | 6,047,463
292   | RoyalKnights     | 8  | 3 - 0 | 6,046,047
293   | FUNAlice         | 9  | 2 - 1 | 6,035,140
294   | Libra            | 3  | 2 - 1 | 6,031,041
295   | Chronos          | 2  | 2 - 1 | 6,029,442
296   | BadLuck          | 9  | 2 - 1 | 6,027,371
297   | LePilier         | 4  | 2 - 1 | 6,018,962
298   | YokoTako         | 8  | 1 - 2 | 6,016,481
299   | ƔϵևՁɠɠ           | 13  | 2 - 1 | 6,014,803
300   | TheGuild         | 4  | 3 - 0 | 6,004,484
301   | hyouka           | 7  | 2 - 1 | 5,995,108
302   | NazarickⓈ        | 8  | 2 - 1 | 5,983,051
303   | ꫛꫀꪝ✧‧˚           | 13  | 2 - 1 | 5,981,623
304   | S.E.A            | 13  | 2 - 1 | 5,975,015
305   | DarkMoon         | 4  | 2 - 1 | 5,974,690
306   | Veritas          | 10  | 2 - 1 | 5,966,946
307   | Yaiba2.0         | 9  | 2 - 1 | 5,950,698
308   | CrimsonTears     | 8  | 2 - 1 | 5,946,833
309   | Axolotl生         | 8  | 2 - 1 | 5,946,308
310   | ISEKAI           | 8  | 2 - 1 | 5,943,574
311   | Valiance         | 6  | 2 - 1 | 5,941,879
312   | Hololive         | 11  | 2 - 1 | 5,941,115
313   | Test             | 4  | 2 - 1 | 5,937,923
314   | S.H.             | 6  | 2 - 1 | 5,926,405
315   | KG               | 9  | 2 - 1 | 5,922,214
316   | pepega           | 12  | 2 - 1 | 5,911,007
317   | Bakery           | 7  | 2 - 1 | 5,903,295
318   | Hollows          | 4  | 2 - 1 | 5,902,580
319   | AlmondMilk       | 13  | 1 - 2 | 5,887,969
320   | SomePP           | 1  | 2 - 1 | 5,885,165
321   | Intoners         | 3  | 2 - 1 | 5,879,797
322   | SectaDeLammy     | 8  | 2 - 1 | 5,865,920
323   | SINoBEARS        | 3  | 2 - 1 | 5,856,880
324   | Lunaris          | 8  | 2 - 1 | 5,849,979
325   | Aussie           | 8  | 2 - 1 | 5,829,898
326   | Maple            | 10  | 2 - 1 | 5,816,837
327   | ♡DEBAUCHERY♥     | 1  | 2 - 1 | 5,810,639
328   | RhodesID         | 12  | 2 - 1 | 5,796,188
329   | Malice           | 11  | 2 - 1 | 5,786,102
330   | YoRHa            | 8  | 3 - 0 | 5,777,260
331   | Armed            | 9  | 2 - 1 | 5,775,994
332   | Aether           | 4  | 2 - 1 | 5,772,519
333   | Homura炎          | 1  | 2 - 1 | 5,771,438
334   | 히사시부리            | 12  | 1 - 2 | 5,770,909
335   | NoTale.F.A       | 5  | 2 - 1 | 5,751,077
336   | Void             | 7  | 2 - 1 | 5,750,081
337   | Eclipse          | 7  | 1 - 2 | 5,747,898
338   | NeonBomb         | 8  | 2 - 1 | 5,745,747
339   | 7Sins            | 5  | 2 - 1 | 5,742,292
340   | 종합병원             | 12  | 2 - 1 | 5,739,490
341   | MoguMogu         | 12  | 2 - 1 | 5,729,503
342   | Alicization      | 13  | 2 - 1 | 5,728,194
343   | Charlemagne      | 4  | 2 - 1 | 5,725,123
344   | GrimmNightmare   | 5  | 2 - 1 | 5,724,405
345   | Asterisk         | 5  | 2 - 1 | 5,708,299
346   | Refuwugees       | 10  | 2 - 1 | 5,692,450
347   | Twilight         | 4  | 2 - 1 | 5,685,361
348   | Ovan'$$Ble$$ing  | 13  | 2 - 1 | 5,671,048
349   | Peerless         | 11  | 2 - 1 | 5,663,993
350   | YoRHa            | 13  | 2 - 1 | 5,648,866
351   | Moonrise         | 7  | 2 - 1 | 5,648,420
352   | Defiance(｡･ω･｡)ﾉ | 11  | 1 - 2 | 5,642,326
353   | Amaranth         | 4  | 2 - 1 | 5,640,371
354   | Wormhole         | 6  | 2 - 1 | 5,629,934
355   | Kokytus          | 8  | 2 - 1 | 5,592,018
356   | µ's              | 10  | 2 - 1 | 5,591,588
357   | Bananas          | 10  | 1 - 2 | 5,588,732
358   | MilkGod          | 12  | 2 - 1 | 5,587,434
359   | Espada           | 10  | 2 - 1 | 5,585,846
360   | Lithium          | 5  | 2 - 1 | 5,581,607
361   | Dissonance       | 4  | 2 - 1 | 5,574,142
362   | Fatalis          | 1  | 2 - 1 | 5,561,213
363   | Ram☆Ranch        | 4  | 2 - 1 | 5,556,957
364   | /sagg/           | 9  | 2 - 1 | 5,553,459
365   | SinoLewd         | 10  | 1 - 2 | 5,551,594
366   | bbt              | 10  | 2 - 1 | 5,549,123
367   | Tiramisu         | 8  | 1 - 2 | 5,546,143
368   | Astarea          | 13  | 2 - 1 | 5,527,944
369   | KampungRealtra   | 12  | 2 - 1 | 5,520,457
370   | Absolution       | 3  | 2 - 1 | 5,513,975
371   | SINoYOKO         | 5  | 2 - 1 | 5,512,701
372   | [γк]Yukiri       | 9  | 2 - 1 | 5,500,695
373   | Carmesí          | 9  | 2 - 1 | 5,497,903
374   | Lethargy         | 11  | 2 - 1 | 5,491,916
375   | Phantom          | 5  | 2 - 1 | 5,480,566
376   | Buffones         | 7  | 2 - 1 | 5,468,161
377   | Ikimasu          | 7  | 2 - 1 | 5,458,623
378   | ~Epiphany~       | 3  | 2 - 1 | 5,457,553
379   | MomPasta         | 13  | 3 - 0 | 5,451,570
380   | Pendraig         | 11  | 2 - 1 | 5,442,808
381   | SoCal            | 9  | 1 - 2 | 5,435,133
382   | Luxuria          | 9  | 2 - 1 | 5,403,478
383   | UnitalRing       | 10  | 1 - 2 | 5,393,256
384   | TheBeans         | 7  | 2 - 1 | 5,387,043
385   | Omega            | 7  | 2 - 1 | 5,384,994
386   | Lethaeus         | 6  | 2 - 1 | 5,361,538
387   | Rayearth         | 7  | 2 - 1 | 5,356,525
388   | Precure          | 4  | 2 - 1 | 5,351,312
389   | .Manica.         | 4  | 1 - 2 | 5,346,173
390   | Legion           | 8  | 2 - 1 | 5,340,641
391   | FABLES           | 12  | 2 - 1 | 5,324,137
392   | FoxTails         | 13  | 2 - 1 | 5,302,653
393   | ᴀsᴄᴇɴsɪᴏɴ        | 3  | 2 - 1 | 5,302,352
394   | Jelly            | 10  | 2 - 1 | 5,294,849
395   | Skögul           | 6  | 2 - 1 | 5,286,892
396   | Kyobo            | 4  | 1 - 2 | 5,285,883
397   | Nekopara         | 8  | 2 - 1 | 5,281,565
398   | Malice           | 7  | 1 - 2 | 5,272,812
399   | Pantheon         | 11  | 1 - 2 | 5,272,582
400   | Outliers         | 8  | 2 - 1 | 5,270,305
401   | Nazarick         | 7  | 2 - 1 | 5,264,860
402   | Cheshire         | 10  | 2 - 1 | 5,256,389
403   | Vroom            | 11  | 1 - 2 | 5,246,932
404   | Unseelie         | 8  | 2 - 1 | 5,245,060
405   | Automata         | 10  | 2 - 1 | 5,232,135
406   | 의미               | 11  | 2 - 1 | 5,231,223
407   | Yharnam          | 7  | 2 - 1 | 5,228,716
408   | /rope/           | 9  | 1 - 2 | 5,204,765
409   | KULTURE          | 9  | 1 - 2 | 5,193,773
410   | Marina           | 13  | 2 - 1 | 5,193,487
411   | PiKACHeW         | 1  | 2 - 1 | 5,190,440
412   | Demi-Fiends      | 7  | 2 - 1 | 5,190,273
413   | Niflheim         | 9  | 2 - 1 | 5,184,476
414   | Nazarick         | 3  | 2 - 1 | 5,183,208
415   | Sylaise          | 4  | 2 - 1 | 5,178,607
416   | Knightmare       | 9  | 2 - 1 | 5,170,122
417   | Roselia          | 13  | 2 - 1 | 5,164,652
418   | Draconic         | 1  | 1 - 2 | 5,159,904
419   | YssSG            | 12  | 2 - 1 | 5,153,186
420   | •FurrosTulOnes•  | 8  | 1 - 2 | 5,123,350
421   | ChurchOfTamagod  | 11  | 2 - 1 | 5,114,257
422   | Pudding          | 6  | 2 - 1 | 5,100,864
423   | DeadDemon        | 9  | 2 - 1 | 5,097,391
424   | Gullible         | 11  | 2 - 1 | 5,076,213
425   | Lycoris          | 5  | 2 - 1 | 5,073,355
426   | Valhalla         | 6  | 2 - 1 | 5,072,432
427   | HoneyBunny       | 1  | 1 - 2 | 5,068,712
428   | Drakengard       | 12  | 2 - 1 | 5,065,292
429   | Wantasm          | 8  | 2 - 1 | 5,065,238
430   | Shangri-La       | 8  | 2 - 1 | 5,061,813
431   | NOAH             | 11  | 2 - 1 | 5,056,058
432   | Doge             | 13  | 2 - 1 | 5,053,593
433   | Sanctum          | 3  | 2 - 1 | 5,053,131
434   | Rebuild_3.0+1.0  | 9  | 2 - 1 | 5,047,834
435   | Upupupu          | 8  | 1 - 2 | 5,044,489
436   | Thigh.Highs&GB   | 8  | 2 - 1 | 5,043,275
437   | Bookstore        | 5  | 2 - 1 | 5,041,574
438   | HailFuHua        | 9  | 2 - 1 | 5,032,691
439   | Gestalt          | 3  | 2 - 1 | 5,029,018
440   | mEmE             | 11  | 1 - 2 | 5,022,054
441   | Carriya          | 12  | 2 - 1 | 5,014,626
442   | Nordic           | 5  | 2 - 1 | 5,003,132
443   | Materia          | 8  | 1 - 2 | 4,998,987
444   | AlioRegnum       | 3  | 2 - 1 | 4,980,053
445   | Moonfall         | 4  | 1 - 2 | 4,965,425
446   | Rihla            | 12  | 2 - 1 | 4,933,198
447   | Pluggies         | 1  | 2 - 1 | 4,926,292
448   | Halcyon          | 8  | 2 - 1 | 4,916,853
449   | Fabales          | 8  | 2 - 1 | 4,915,312
450   | Exile            | 12  | 2 - 1 | 4,910,551
451   | Synchronicity    | 5  | 2 - 1 | 4,908,540
452   | Flandore         | 12  | 2 - 1 | 4,903,930
453   | CosmoCon         | 4  | 2 - 1 | 4,901,766
454   | Eorzeans         | 10  | 1 - 2 | 4,900,788
455   | Trapnest         | 5  | 2 - 1 | 4,896,283
456   | Phets            | 1  | 2 - 1 | 4,893,803
457   | 신오앨리스            | 12  | 2 - 1 | 4,882,330
458   | Alchemia         | 11  | 2 - 1 | 4,882,119
459   | NeoGachastê      | 7  | 2 - 1 | 4,865,514
460   | TRIAD            | 13  | 2 - 1 | 4,863,005
461   | Mizarikurabu     | 3  | 2 - 1 | 4,860,251
462   | Caterus          | 7  | 2 - 1 | 4,800,803
463   | Maung            | 13  | 1 - 2 | 4,798,924
464   | •WNDRLND•        | 10  | 2 - 1 | 4,791,925
465   | PizzaTime        | 9  | 2 - 1 | 4,783,744
466   | Quetzalcóatl     | 8  | 2 - 1 | 4,777,233
467   | Eg.g.            | 7  | 2 - 1 | 4,769,682
468   | Rikone           | 6  | 2 - 1 | 4,768,316
469   | MirrorOfFate     | 9  | 2 - 1 | 4,767,414
470   | WeebsIn          | 9  | 2 - 1 | 4,757,281
471   | Fables           | 10  | 2 - 1 | 4,754,070
472   | SunTears         | 5  | 2 - 1 | 4,750,709
473   | NoLuck           | 3  | 2 - 1 | 4,742,427
474   | Kyogen           | 5  | 2 - 1 | 4,740,664
475   | CBTXNTR          | 11  | 2 - 1 | 4,727,016
476   | Echi_Di_CULtura  | 4  | 1 - 2 | 4,722,704
477   | SAVAGE           | 10  | 2 - 1 | 4,720,650
478   | Sidonia          | 8  | 2 - 1 | 4,719,768
479   | Bacurau          | 7  | 2 - 1 | 4,712,516
480   | FGOSimps         | 9  | 2 - 1 | 4,702,956
481   | Archana          | 12  | 2 - 1 | 4,700,785
482   | Ravana           | 3  | 2 - 1 | 4,696,760
483   | Library          | 4  | 2 - 1 | 4,691,843
484   | 연린               | 12  | 1 - 2 | 4,691,199
485   | Penumbra         | 5  | 2 - 1 | 4,683,679
486   | [Blank]          | 5  | 1 - 2 | 4,680,918
487   | PhantomRoad      | 1  | 2 - 1 | 4,675,609
488   | Insomnia         | 11  | 2 - 1 | 4,667,869
489   | Navi             | 6  | 2 - 1 | 4,657,242
490   | Oblivion         | 4  | 2 - 1 | 4,657,114
491   | 검은고양이            | 12  | 2 - 1 | 4,647,061
492   | Replicant        | 8  | 2 - 1 | 4,637,409
493   | Fearless         | 5  | 2 - 1 | 4,631,976
494   | Crypters         | 9  | 2 - 1 | 4,631,860
495   | ｕｗｕ♡ｔｏｗｎ         | 5  | 2 - 1 | 4,626,094
496   | Elysium          | 10  | 1 - 2 | 4,624,834
497   | Arialis          | 6  | 2 - 1 | 4,623,723
498   | Loliness         | 1  | 1 - 2 | 4,622,629
499   | Ass2cademy       | 10  | 2 - 1 | 4,621,625
500   | Chariot          | 13  | 2 - 1 | 4,617,054
501   | Wisteria         | 7  | 1 - 2 | 4,586,530
502   | Nekoship         | 13  | 2 - 1 | 4,562,342
503   | 휴식의정원            | 11  | 2 - 1 | 4,551,981
504   | Oblivion         | 10  | 2 - 1 | 4,545,541
505   | Cognatus         | 8  | 1 - 2 | 4,544,255
506   | TheBunker        | 9  | 2 - 1 | 4,542,800
507   | Oblivion         | 10  | 2 - 1 | 4,537,419
508   | Drzkade          | 1  | 1 - 2 | 4,532,439
509   | Ex-YorHa         | 7  | 2 - 1 | 4,529,791
510   | Manaos           | 9  | 2 - 1 | 4,529,736
511   | Grimms_Requiem   | 4  | 2 - 1 | 4,525,736
512   | Gateway          | 4  | 2 - 1 | 4,524,723
513   | Intoners         | 3  | 2 - 1 | 4,519,989
514   | Valkyrie         | 8  | 2 - 1 | 4,519,856
515   | ILLUMINAE        | 13  | 2 - 1 | 4,518,854
516   | Chaos            | 10  | 1 - 2 | 4,516,571
517   | Eternity         | 6  | 1 - 2 | 4,506,664
518   | TeaCats          | 13  | 1 - 2 | 4,503,193
519   | Chaldea          | 7  | 2 - 1 | 4,502,203
520   | Tenshura         | 5  | 2 - 1 | 4,491,010
521   | X-Buster         | 7  | 2 - 1 | 4,485,274
522   | 냥냥킥              | 12  | 1 - 2 | 4,484,459
523   | Anxiety          | 11  | 2 - 1 | 4,482,293
524   | エロすぎる            | 8  | 3 - 0 | 4,481,160
525   | Nazarick         | 6  | 2 - 1 | 4,476,565
526   | Apricity         | 10  | 2 - 1 | 4,467,367
527   | ValeofCrab       | 8  | 2 - 1 | 4,465,037
528   | TheRealChaldea   | 9  | 2 - 1 | 4,459,659
529   | Virtuous         | 1  | 1 - 2 | 4,452,905
530   | Exyclid          | 12  | 2 - 1 | 4,451,921
531   | Discord          | 4  | 2 - 1 | 4,450,427
532   | NW               | 8  | 1 - 2 | 4,446,758
533   | Fairy            | 1  | 2 - 1 | 4,426,364
534   | RIDENAYA         | 4  | 2 - 1 | 4,404,455
535   | Cronoire         | 1  | 2 - 1 | 4,398,767
536   | VanitaS          | 3  | 1 - 2 | 4,389,986
537   | Pequod           | 4  | 1 - 2 | 4,389,544
538   | LammyOnlyFans    | 9  | 2 - 1 | 4,382,504
539   | Daijoubu         | 5  | 1 - 2 | 4,380,972
540   | SINoLAVI         | 7  | 2 - 1 | 4,378,263
541   | WildCard         | 5  | 2 - 1 | 4,364,311
542   | Adagyum          | 7  | 2 - 1 | 4,361,852
543   | YoRHa            | 4  | 2 - 1 | 4,348,385
544   | StateFarm        | 10  | 1 - 2 | 4,347,855
545   | Nyanpasu         | 6  | 2 - 1 | 4,329,742
546   | Athenaeum        | 6  | 1 - 2 | 4,324,295
547   | Wyld             | 13  | 2 - 1 | 4,322,731
548   | 은하수의밤            | 11  | 2 - 1 | 4,322,296
549   | RE:CDE           | 8  | 1 - 2 | 4,320,541
550   | Monochrome       | 5  | 1 - 2 | 4,305,317
551   | Jelly            | 13  | 2 - 1 | 4,293,043
552   | TamagoClub       | 12  | 2 - 1 | 4,292,198
553   | 모히또              | 12  | 2 - 1 | 4,288,989
554   | Hoshi            | 13  | 2 - 1 | 4,288,717
555   | Persona          | 8  | 1 - 2 | 4,285,834
556   | NoMercy          | 4  | 1 - 2 | 4,270,152
557   | Sleepless        | 10  | 1 - 2 | 4,269,481
558   | Dingusi          | 3  | 2 - 1 | 4,267,301
559   | Crux             | 4  | 2 - 1 | 4,264,144
560   | Atellux          | 10  | 2 - 1 | 4,260,740
561   | RavenPoe         | 9  | 1 - 2 | 4,258,063
562   | /pantsu/         | 3  | 2 - 1 | 4,257,650
563   | eggheads         | 10  | 1 - 2 | 4,252,920
564   | FutaGirls        | 2  | 2 - 1 | 4,250,700
565   | Moonlight        | 3  | 2 - 1 | 4,247,960
566   | Marchen          | 6  | 2 - 1 | 4,244,104
567   | Kaguya           | 8  | 2 - 1 | 4,243,243
568   | Oath             | 5  | 2 - 1 | 4,237,440
569   | Genesis          | 3  | 2 - 1 | 4,237,096
570   | Papeefs          | 8  | 2 - 1 | 4,234,414
571   | KurUsagi         | 3  | 2 - 1 | 4,213,576
572   | ProjectD         | 5  | 2 - 1 | 4,208,541
573   | Paywall          | 5  | 1 - 2 | 4,203,734
574   | Nocturne         | 7  | 2 - 1 | 4,194,266
575   | AXIS             | 11  | 2 - 1 | 4,192,725
576   | ChilePog         | 6  | 2 - 1 | 4,190,459
577   | España           | 5  | 2 - 1 | 4,186,486
578   | Eleusis          | 7  | 1 - 2 | 4,178,212
579   | Moon             | 3  | 2 - 1 | 4,171,692
580   | Arcarum          | 6  | 2 - 1 | 4,165,329
581   | NTHRWRLD         | 3  | 2 - 1 | 4,146,263
582   | BulbGang         | 11  | 2 - 1 | 4,145,822
583   | Bloodlust        | 8  | 2 - 1 | 4,131,217
584   | CultOfLammy      | 12  | 2 - 1 | 4,129,890
585   | Kwassont         | 9  | 2 - 1 | 4,116,612
586   | 수상한암살            | 13  | 2 - 1 | 4,115,966
587   | Kingdom          | 9  | 2 - 1 | 4,114,432
588   | GrandAvalon      | 9  | 2 - 1 | 4,113,091
589   | 『StrangelyBad』   | 8  | 2 - 1 | 4,110,701
590   | Phase            | 6  | 1 - 2 | 4,107,663
591   | YoRHa            | 10  | 2 - 1 | 4,100,640
592   | Alter            | 8  | 2 - 1 | 4,080,437
593   | หิวข้าว          | 12  | 2 - 1 | 4,076,058
594   | 4Fun             | 11  | 2 - 1 | 4,068,206
595   | Procella         | 6  | 2 - 1 | 4,067,049
596   | Lolicon          | 5  | 2 - 1 | 4,066,113
597   | Plague           | 1  | 2 - 1 | 4,063,123
598   | Daydreamer       | 1  | 2 - 1 | 4,062,139
599   | D.InVivo         | 10  | 1 - 2 | 4,062,112
600   | Cococabra        | 6  | 2 - 1 | 4,062,080
601   | MicTLaN          | 7  | 2 - 1 | 4,060,438
602   | Longinus         | 12  | 2 - 1 | 4,059,958
603   | •ForeverHome•    | 12  | 1 - 2 | 4,058,352
604   | TheAvatars       | 5  | 2 - 1 | 4,057,028
605   | BOATcord         | 9  | 2 - 1 | 4,055,978
606   | Scriptor         | 4  | 2 - 1 | 4,050,489
607   | Seikatsu         | 6  | 1 - 2 | 4,046,957
608   | Anime4Life       | 4  | 2 - 1 | 4,044,224
609   | Arrogance        | 10  | 2 - 1 | 4,044,041
610   | AetherRoar       | 9  | 1 - 2 | 4,040,170
611   | Mahjong          | 1  | 2 - 1 | 4,028,714
612   | UncleZack's      | 12  | 2 - 1 | 4,023,360
613   | Daylight         | 5  | 1 - 2 | 4,017,351
614   | Dantalion        | 1  | 2 - 1 | 4,015,304
615   | FemBoys          | 2  | 2 - 1 | 4,008,820
616   | Royals           | 8  | 1 - 2 | 4,006,792
617   | CIIC             | 10  | 1 - 2 | 4,005,328
618   | Eunoia           | 10  | 1 - 2 | 4,004,955
619   | RedHand          | 6  | 2 - 1 | 4,003,560
620   | Log~Horizon      | 8  | 2 - 1 | 3,993,025
621   | Anasnas          | 5  | 2 - 1 | 3,990,454
622   | AnkhMorpork      | 8  | 2 - 1 | 3,975,392
623   | Ultimate☆Despair | 8  | 2 - 1 | 3,973,325
624   | 끓는무쇠솥            | 13  | 2 - 1 | 3,972,818
625   | Panda            | 5  | 1 - 2 | 3,968,523
626   | OFFtopic         | 6  | 1 - 2 | 3,967,003
627   | RedQueen         | 9  | 1 - 2 | 3,961,534
628   | Ivalice          | 7  | 2 - 1 | 3,958,395
629   | Cthulhu          | 11  | 1 - 2 | 3,956,619
630   | CrazyPooh        | 10  | 2 - 1 | 3,933,301
631   | Authors          | 7  | 2 - 1 | 3,926,770
632   | Einherjar        | 5  | 1 - 2 | 3,926,040
633   | Phantasmagoria   | 5  | 2 - 1 | 3,915,635
634   | Mementos         | 13  | 2 - 1 | 3,911,058
635   | kokoron          | 9  | 1 - 2 | 3,907,864
636   | Fanelia          | 12  | 2 - 1 | 3,897,957
637   | FGOChile         | 8  | 1 - 2 | 3,896,167
638   | Chaldea          | 10  | 2 - 1 | 3,895,750
639   | Fabled           | 5  | 2 - 1 | 3,894,229
640   | Affenbande       | 4  | 1 - 2 | 3,887,132
641   | Fidelis          | 5  | 2 - 1 | 3,873,139
642   | Foxhound         | 12  | 2 - 1 | 3,871,112
643   | Phantasmagoria   | 11  | 2 - 1 | 3,865,387
644   | Tenebris         | 4  | 2 - 1 | 3,841,791
645   | RedQueen         | 3  | 1 - 2 | 3,840,886
646   | LaPalourdeSalée  | 3  | 1 - 2 | 3,827,884
647   | Alter            | 9  | 1 - 2 | 3,825,700
648   | SINNERS          | 9  | 2 - 1 | 3,822,931
649   | BlackAtlas       | 5  | 2 - 1 | 3,819,092
650   | 쿠로가미             | 13  | 1 - 2 | 3,814,930
651   | Shadowbringers   | 9  | 2 - 1 | 3,813,584
652   | GrimHope         | 10  | 1 - 2 | 3,812,409
653   | NoNamed          | 12  | 1 - 2 | 3,805,931
654   | Bouken           | 6  | 2 - 1 | 3,784,028
655   | GrimmRevolution  | 9  | 1 - 2 | 3,781,168
656   | Ashurã           | 13  | 2 - 1 | 3,770,903
657   | OwO              | 12  | 1 - 2 | 3,768,218
658   | Waifus♡          | 4  | 2 - 1 | 3,766,020
659   | Grimoire         | 4  | 1 - 2 | 3,760,902
660   | Umbra            | 5  | 2 - 1 | 3,752,131
661   | TheNiers         | 5  | 2 - 1 | 3,745,033
662   | Sino             | 6  | 1 - 2 | 3,741,676
663   | TBC              | 6  | 1 - 2 | 3,740,801
664   | BlueRose         | 4  | 2 - 1 | 3,738,473
665   | Fate             | 3  | 2 - 1 | 3,738,184
666   | Kurobara         | 9  | 1 - 2 | 3,736,575
667   | MiGraine         | 13  | 1 - 2 | 3,727,063
668   | PunPun's         | 5  | 2 - 1 | 3,723,200
669   | Dai-Shocker      | 5  | 1 - 2 | 3,722,915
670   | S.E.E.S.         | 1  | 1 - 2 | 3,715,422
671   | Fallen           | 2  | 2 - 1 | 3,714,008
672   | Vestalis         | 5  | 2 - 1 | 3,705,956
673   | Märchen          | 4  | 1 - 2 | 3,703,284
674   | TheMancos        | 10  | 2 - 1 | 3,689,576
675   | Oppai            | 5  | 2 - 1 | 3,675,315
676   | Killhare         | 8  | 1 - 2 | 3,674,597
677   | Légion           | 5  | 2 - 1 | 3,674,081
678   | Yonah            | 7  | 2 - 1 | 3,666,132
679   | Re:[W]rite       | 10  | 2 - 1 | 3,666,024
680   | Baneados         | 7  | 2 - 1 | 3,664,379
681   | YoRHa            | 5  | 2 - 1 | 3,654,929
682   | Vigrior          | 13  | 2 - 1 | 3,649,302
683   | LunarTearSociety | 8  | 2 - 1 | 3,638,256
684   | Squard           | 7  | 2 - 1 | 3,638,029
685   | Nimbus           | 5  | 2 - 1 | 3,632,693
686   | %=^✓÷×=][*)      | 7  | 2 - 1 | 3,631,085
687   | KuroNeko         | 13  | 2 - 1 | 3,626,394
688   | Publisher        | 12  | 2 - 1 | 3,613,102
689   | Seafoam          | 4  | 2 - 1 | 3,612,463
690   | Heim             | 6  | 1 - 2 | 3,606,222
691   | Zeal             | 7  | 1 - 2 | 3,602,789
692   | Omniacs          | 7  | 2 - 1 | 3,602,125
693   | HYDRA            | 11  | 2 - 1 | 3,597,766
694   | DarkVoid         | 13  | 2 - 1 | 3,596,193
695   | Chonkers         | 7  | 1 - 2 | 3,594,784
696   | 『Nєχυѕ』          | 8  | 1 - 2 | 3,592,573
697   | OBDS             | 4  | 1 - 2 | 3,587,594
698   | Decaídos         | 7  | 1 - 2 | 3,582,176
699   | StarryNight      | 13  | 2 - 1 | 3,580,018
700   | Gestalt          | 5  | 1 - 2 | 3,578,388
701   | Aiseiri          | 8  | 1 - 2 | 3,576,890
702   | CrimsonButterfly | 6  | 2 - 1 | 3,575,376
703   | 「XIII」           | 1  | 2 - 1 | 3,570,319
704   | GachaElite       | 8  | 1 - 2 | 3,568,202
705   | CatsEmpire       | 12  | 2 - 1 | 3,567,253
706   | ChaldeaS         | 3  | 1 - 2 | 3,565,260
707   | Freedom          | 12  | 1 - 2 | 3,564,534
708   | Kaguya#1         | 9  | 1 - 2 | 3,560,601
709   | UwU              | 10  | 2 - 1 | 3,555,166
710   | JuraForest       | 13  | 1 - 2 | 3,555,102
711   | Nectar           | 10  | 2 - 1 | 3,551,275
712   | SinoSG           | 12  | 1 - 2 | 3,548,896
713   | Yubi             | 4  | 1 - 2 | 3,547,223
714   | Applepie         | 12  | 2 - 1 | 3,544,748
715   | Scindo           | 6  | 2 - 1 | 3,544,574
716   | aHRoYoRHa        | 9  | 1 - 2 | 3,537,757
717   | aster            | 13  | 1 - 2 | 3,534,250
718   | ADIX             | 13  | 1 - 2 | 3,526,302
719   | Thirteen         | 10  | 1 - 2 | 3,524,445
720   | Lunar            | 1  | 2 - 1 | 3,522,232
721   | Sky              | 4  | 2 - 1 | 3,521,331
722   | CrimsonRose      | 8  | 2 - 1 | 3,516,326
723   | ChumBuds         | 9  | 2 - 1 | 3,509,842
724   | AYAYA            | 12  | 2 - 1 | 3,507,010
725   | SV               | 13  | 1 - 2 | 3,505,709
726   | Lemonade         | 8  | 2 - 1 | 3,502,836
727   | Astraea          | 4  | 2 - 1 | 3,488,054
728   | Revenants        | 11  | 2 - 1 | 3,484,052
729   | Keyblade         | 6  | 2 - 1 | 3,482,398
730   | 바나나우유            | 13  | 1 - 2 | 3,481,932
731   | Jokers           | 12  | 1 - 2 | 3,478,559
732   | HEX              | 5  | 1 - 2 | 3,477,440
733   | NipponNext       | 10  | 1 - 2 | 3,476,674
734   | Midgard          | 5  | 2 - 1 | 3,473,531
735   | Dragoonn         | 4  | 2 - 1 | 3,472,194
736   | ☬Zeitgeist☬      | 9  | 1 - 2 | 3,472,055
737   | Brigandia        | 8  | 2 - 1 | 3,467,334
738   | Xel'Naga         | 8  | 1 - 2 | 3,456,607
739   | YoRHa            | 9  | 1 - 2 | 3,454,532
740   | Glory            | 1  | 1 - 2 | 3,453,542
741   | YoRHa            | 8  | 2 - 1 | 3,449,217
742   | Sin              | 4  | 1 - 2 | 3,447,668
743   | FGO              | 6  | 2 - 1 | 3,444,910
744   | Kyushi           | 1  | 1 - 2 | 3,443,068
745   | Sleepers         | 4  | 2 - 1 | 3,435,608
746   | Coup-D'état      | 3  | 1 - 2 | 3,433,585
747   | Yorozuya         | 1  | 2 - 1 | 3,433,250
748   | Neko             | 9  | 2 - 1 | 3,428,050
749   | Kukki            | 5  | 2 - 1 | 3,423,737
750   | .izakaya         | 8  | 1 - 2 | 3,416,186
751   | MoonFall         | 10  | 2 - 1 | 3,407,794
752   | Lunamary         | 3  | 1 - 2 | 3,396,779
753   | Kaminari         | 11  | 2 - 1 | 3,395,178
754   | AvgDClub         | 9  | 1 - 2 | 3,389,993
755   | SinoPake         | 8  | 1 - 2 | 3,376,623
756   | Liebrary         | 4  | 1 - 2 | 3,375,905
757   | Heaven           | 9  | 1 - 2 | 3,373,742
758   | 쌀롱               | 11  | 2 - 1 | 3,373,428
759   | REPL:EVER        | 13  | 1 - 2 | 3,371,379
760   | Limbo            | 5  | 1 - 2 | 3,366,652
761   | ChaosLg          | 7  | 2 - 1 | 3,347,276
762   | CRIMSON          | 9  | 2 - 1 | 3,345,891
763   | FreshSuh-Lammy   | 4  | 2 - 1 | 3,339,182
764   | Midnight         | 7  | 2 - 1 | 3,333,639
765   | Fallacy          | 13  | 1 - 2 | 3,333,612
766   | SoAmty           | 9  | 1 - 2 | 3,333,036
767   | FeshFesh         | 10  | 1 - 2 | 3,318,435
768   | Plebes5G         | 10  | 1 - 2 | 3,311,970
769   | Isocial          | 13  | 2 - 1 | 3,311,437
770   | Space            | 8  | 1 - 2 | 3,309,177
771   | Salt&RNG         | 1  | 1 - 2 | 3,306,773
772   | Bloodlust        | 1  | 2 - 1 | 3,298,802
773   | Intoners         | 8  | 1 - 2 | 3,294,266
774   | MasochistPhoenix | 4  | 2 - 1 | 3,290,788
775   | Abyss            | 9  | 1 - 2 | 3,290,774
776   | Avalon           | 10  | 1 - 2 | 3,288,352
777   | NoLuck           | 6  | 2 - 1 | 3,285,742
778   | KooNest          | 2  | 1 - 2 | 3,285,708
779   | #Junkies         | 5  | 1 - 2 | 3,281,856
780   | 아스트리아            | 12  | 1 - 2 | 3,280,966
781   | Illigia          | 5  | 2 - 1 | 3,272,957
782   | Kupo             | 6  | 1 - 2 | 3,260,627
783   | /alter/          | 5  | 1 - 2 | 3,250,846
784   | Golden•Dawn      | 8  | 1 - 2 | 3,247,523
785   | Lancaster        | 13  | 1 - 2 | 3,233,008
786   | LWSR             | 1  | 1 - 2 | 3,226,064
787   | CookieClub       | 8  | 2 - 1 | 3,221,953
788   | Artemis          | 9  | 2 - 1 | 3,219,846
789   | 은밀한침대밑           | 12  | 2 - 1 | 3,216,249
790   | VanaFreya        | 3  | 1 - 2 | 3,213,002
791   | Ayuyumis         | 9  | 2 - 1 | 3,212,119
792   | \Woska~Woska/    | 9  | 2 - 1 | 3,211,984
793   | Mangifera†Indica | 5  | 1 - 2 | 3,211,068
794   | CHALDEA          | 13  | 1 - 2 | 3,206,992
795   | Firebois         | 9  | 2 - 1 | 3,206,337
796   | Sankta           | 9  | 1 - 2 | 3,204,062
797   | Ragnarök         | 5  | 1 - 2 | 3,203,337
798   | SINoFACE         | 3  | 2 - 1 | 3,202,707
799   | MajinGod         | 9  | 2 - 1 | 3,201,648
800   | Astra            | 4  | 1 - 2 | 3,199,040
801   | Chaldea          | 5  | 1 - 2 | 3,192,111
802   | Glace            | 7  | 1 - 2 | 3,188,801
803   | Blargh!          | 4  | 1 - 2 | 3,187,776
804   | 시린이날             | 11  | 2 - 1 | 3,186,923
805   | TheFellowship    | 5  | 2 - 1 | 3,182,203
806   | OrberLords       | 3  | 1 - 2 | 3,176,460
807   | DayBreak         | 8  | 1 - 2 | 3,174,788
808   | GáeBulg          | 9  | 2 - 1 | 3,170,770
809   | Salière          | 5  | 1 - 2 | 3,162,841
810   | Crown​           | 13  | 2 - 1 | 3,157,578
811   | Ezerien          | 11  | 1 - 2 | 3,145,713
812   | Hylia            | 8  | 2 - 1 | 3,144,961
813   | Scythe           | 4  | 1 - 2 | 3,143,287
814   | Salt             | 8  | 1 - 2 | 3,133,450
815   | Padorumu         | 10  | 2 - 1 | 3,125,968
816   | Los_Urgi2!       | 8  | 1 - 2 | 3,124,425
817   | BadMojo          | 3  | 2 - 1 | 3,124,377
818   | Stacia‘s•Gnade   | 4  | 2 - 1 | 3,124,227
819   | KoNoKEKsuAL      | 12  | 2 - 1 | 3,123,219
820   | Infernos         | 10  | 1 - 2 | 3,104,257
821   | pepegang         | 1  | 1 - 2 | 3,098,963
822   | BlueRain         | 9  | 1 - 2 | 3,098,168
823   | TaroBoba         | 10  | 1 - 2 | 3,096,718
824   | Trident          | 12  | 2 - 1 | 3,095,963
825   | Folklore         | 5  | 2 - 1 | 3,089,011
826   | Zodiac           | 8  | 2 - 1 | 3,085,861
827   | UNITERA          | 9  | 1 - 2 | 3,084,484
828   | SUNSET.R         | 7  | 1 - 2 | 3,075,055
829   | Phoenix          | 6  | 1 - 2 | 3,069,161
830   | DarkGods@        | 10  | 2 - 1 | 3,057,712
831   | AVARITIA         | 11  | 1 - 2 | 3,056,939
832   | ~Lumina~         | 6  | 1 - 2 | 3,053,718
833   | Sanctify         | 7  | 1 - 2 | 3,052,153
834   | Sinners          | 13  | 2 - 1 | 3,050,610
835   | Hypnotic         | 12  | 2 - 1 | 3,048,709
836   | Valhöll          | 5  | 2 - 1 | 3,048,377
837   | EXcalibur        | 5  | 1 - 2 | 3,047,652
838   | Facade           | 7  | 1 - 2 | 3,043,102
839   | Mensis           | 2  | 2 - 1 | 3,042,947
840   | CoolKids         | 6  | 1 - 2 | 3,041,690
841   | 『MiSFiTS』        | 12  | 1 - 2 | 3,041,352
842   | Réplicas         | 5  | 1 - 2 | 3,034,521
843   | WaifLove         | 3  | 2 - 1 | 3,030,943
844   | Heartの月          | 9  | 2 - 1 | 3,024,422
845   | Teardrop         | 1  | 1 - 2 | 3,009,848
846   | Eternity         | 3  | 2 - 1 | 2,997,678
847   | YoRHa            | 4  | 1 - 2 | 2,997,380
848   | Rebirth          | 6  | 1 - 2 | 2,992,546
849   | Intoners         | 4  | 2 - 1 | 2,991,477
850   | |Solo|           | 1  | 1 - 2 | 2,991,206
851   | LoveLive         | 3  | 2 - 1 | 2,990,668
852   | KHAMJA           | 6  | 2 - 1 | 2,990,246
853   | SINoMAKE         | 11  | 1 - 2 | 2,981,868
854   | Café             | 8  | 1 - 2 | 2,978,329
855   | DeathBy7         | 3  | 1 - 2 | 2,976,925
856   | Wind             | 13  | 1 - 2 | 2,976,228
857   | ☬H̷E̷L̷D̷E̷N̷☬   | 10  | 1 - 2 | 2,971,743
858   | анитайп          | 3  | 1 - 2 | 2,968,765
859   | DaiDark          | 2  | 2 - 1 | 2,967,831
860   | YoRHa            | 7  | 1 - 2 | 2,963,074
861   | Re;Quest         | 8  | 1 - 2 | 2,961,584
862   | NieR             | 1  | 1 - 2 | 2,956,410
863   | Swordboy         | 10  | 1 - 2 | 2,951,185
864   | RedHood          | 4  | 1 - 2 | 2,942,688
865   | Pulveris         | 2  | 2 - 1 | 2,942,572
866   | ASTEÂ            | 6  | 1 - 2 | 2,935,200
867   | LoVirgos         | 7  | 1 - 2 | 2,934,202
868   | NotW             | 8  | 1 - 2 | 2,931,945
869   | Miracles         | 7  | 1 - 2 | 2,927,915
870   | Moonlit          | 11  | 1 - 2 | 2,911,209
871   | Crimson•Lynxes   | 6  | 1 - 2 | 2,908,956
872   | Igallta          | 6  | 2 - 1 | 2,892,432
873   | Bushido          | 9  | 1 - 2 | 2,886,051
874   | Madness          | 7  | 1 - 2 | 2,885,860
875   | FaE              | 1  | 1 - 2 | 2,883,710
876   | PPNation         | 11  | 2 - 1 | 2,868,950
877   | BlackFeathers    | 7  | 1 - 2 | 2,868,804
878   | Indo.Nesia       | 1  | 1 - 2 | 2,868,459
879   | Eden             | 9  | 1 - 2 | 2,865,530
880   | YoRHa~           | 5  | 1 - 2 | 2,864,613
881   | Kutubuku         | 12  | 2 - 1 | 2,860,329
882   | GLUTTONY         | 4  | 1 - 2 | 2,855,988
883   | Database         | 8  | 2 - 1 | 2,854,762
884   | Hollow           | 10  | 2 - 1 | 2,851,546
885   | Raven's          | 4  | 2 - 1 | 2,850,439
886   | Baganzia         | 5  | 2 - 1 | 2,850,231
887   | Mishy~☆          | 7  | 2 - 1 | 2,847,207
888   | 4Taro            | 4  | 1 - 2 | 2,846,565
889   | Hololive         | 9  | 1 - 2 | 2,846,416
890   | E-Girls          | 10  | 1 - 2 | 2,846,254
891   | GrimGrimoire[α]  | 13  | 1 - 2 | 2,842,684
892   | Arcadia          | 12  | 1 - 2 | 2,838,188
893   | CobrasEnPijama   | 7  | 1 - 2 | 2,817,021
894   | METANoIA         | 12  | 2 - 1 | 2,816,545
895   | Alfamart         | 13  | 2 - 1 | 2,815,635
896   | Elegiac          | 6  | 2 - 1 | 2,802,269
897   | Potatoes         | 10  | 1 - 2 | 2,795,312
898   | GudaGuda         | 7  | 1 - 2 | 2,786,240
899   | [SPC]            | 6  | 1 - 2 | 2,775,079
900   |                  | 11  | 1 - 2 | 2,770,971
901   | Camelot          | 12  | 2 - 1 | 2,767,123
902   | Gatorland        | 4  | 1 - 2 | 2,765,554
903   | /nopan/          | 8  | 1 - 2 | 2,761,032
904   | Epitaph•         | 5  | 2 - 1 | 2,757,049
905   | WitchesTheater   | 10  | 1 - 2 | 2,748,301
906   | Sınners          | 11  | 1 - 2 | 2,747,127
907   | BIBLIOTHEQUE     | 12  | 2 - 1 | 2,746,541
908   | ϟNeverland       | 1  | 1 - 2 | 2,745,818
909   | TeaParty         | 4  | 1 - 2 | 2,745,586
910   | Potatoes         | 4  | 1 - 2 | 2,737,799
911   | Stérimar         | 4  | 2 - 1 | 2,736,533
912   | Nomlings         | 3  | 1 - 2 | 2,734,939
913   | AllStars         | 4  | 1 - 2 | 2,729,711
914   | Beastars         | 3  | 1 - 2 | 2,728,918
915   | NASA             | 5  | 1 - 2 | 2,727,277
916   | Reveries         | 5  | 2 - 1 | 2,726,233
917   | RedRose          | 1  | 2 - 1 | 2,722,342
918   | Gestalt          | 9  | 1 - 2 | 2,711,256
919   | YoRHa            | 5  | 1 - 2 | 2,711,063
920   | Suikoden         | 5  | 1 - 2 | 2,710,651
921   | FairyLaw         | 5  | 1 - 2 | 2,706,808
922   | LGOW             | 7  | 1 - 2 | 2,695,399
923   | Juicy            | 4  | 1 - 2 | 2,680,271
924   | SkyL-YRH         | 8  | 1 - 2 | 2,677,074
925   | CerealKillerClub | 4  | 1 - 2 | 2,675,286
926   | Slayer's         | 5  | 1 - 2 | 2,642,143
927   | Toast            | 11  | 2 - 1 | 2,640,113
928   | Sino/Fgo         | 8  | 1 - 2 | 2,638,339
929   | Angel'sTear      | 7  | 0 - 3 | 2,630,481
930   | IndoSin          | 13  | 1 - 2 | 2,626,462
931   | MidnightSnacks   | 4  | 1 - 2 | 2,625,698
932   | WatameKoujou◉ᴥ◉  | 10  | 1 - 2 | 2,625,122
933   | Shinigami's      | 8  | 1 - 2 | 2,623,549
934   | Altea            | 10  | 1 - 2 | 2,620,581
935   | Mantap           | 12  | 1 - 2 | 2,603,053
936   | Morisión         | 9  | 1 - 2 | 2,601,799
937   | Zephyr           | 5  | 1 - 2 | 2,601,705
938   | MiniDictadura    | 9  | 1 - 2 | 2,597,037
939   | Pandas           | 7  | 1 - 2 | 2,595,109
940   | Dreamers         | 5  | 1 - 2 | 2,586,644
941   | ส้มป่อย          | 1  | 1 - 2 | 2,582,350
942   | soon™            | 1  | 2 - 1 | 2,580,973
943   | NoEsc            | 6  | 1 - 2 | 2,580,421
944   | Neptunia         | 3  | 2 - 1 | 2,569,997
945   | Automata         | 11  | 1 - 2 | 2,569,592
946   | Rubrum           | 8  | 2 - 1 | 2,569,266
947   | Vermouth         | 4  | 1 - 2 | 2,556,027
948   | 쟤보단내가낫지          | 12  | 1 - 2 | 2,555,590
949   | History          | 2  | 1 - 2 | 2,553,547
950   | ＵｗＵ_Ｌａｎｄギルド      | 9  | 1 - 2 | 2,551,664
951   | Grimgar          | 3  | 2 - 1 | 2,532,889
952   | SpLAT            | 7  | 1 - 2 | 2,531,610
953   | Amaurot          | 3  | 1 - 2 | 2,529,369
954   | Palantir         | 9  | 1 - 2 | 2,522,693
955   | Colours          | 13  | 2 - 1 | 2,522,673
956   | Argonaut         | 11  | 1 - 2 | 2,522,302
957   | Scarlet          | 13  | 1 - 2 | 2,515,333
958   | Chaldea          | 3  | 1 - 2 | 2,511,455
959   | Magikarp         | 9  | 1 - 2 | 2,511,317
960   | TornTale         | 7  | 2 - 1 | 2,490,258
961   | Zenith           | 10  | 2 - 1 | 2,477,500
962   | NEWLIBRA         | 9  | 2 - 1 | 2,464,765
963   | RadiantBunnies   | 9  | 1 - 2 | 2,462,219
964   | EvilDoer         | 11  | 2 - 1 | 2,461,570
965   | NullSection      | 9  | 2 - 1 | 2,460,461
966   | Tragedia         | 8  | 1 - 2 | 2,458,432
967   | Saucisse         | 5  | 1 - 2 | 2,454,141
968   | Watchers         | 5  | 2 - 1 | 2,446,768
969   | Rheita           | 11  | 1 - 2 | 2,443,927
970   | RainyDay         | 13  | 1 - 2 | 2,441,207
971   | Mochi            | 8  | 2 - 1 | 2,437,888
972   | BlueMoon         | 3  | 1 - 2 | 2,433,095
973   | Amimir           | 6  | 1 - 2 | 2,431,780
974   | Tiamat           | 2  | 2 - 1 | 2,429,984
975   | Neo-Axiom        | 11  | 1 - 2 | 2,428,878
976   | CruzRoja         | 9  | 1 - 2 | 2,423,925
977   | GrimGrimoire[β]  | 13  | 2 - 1 | 2,423,573
978   | Waifu            | 10  | 1 - 2 | 2,421,169
979   | Arcana           | 12  | 1 - 2 | 2,420,587
980   | Insomnia         | 10  | 1 - 2 | 2,418,146
981   | NieR             | 12  | 1 - 2 | 2,418,024
982   | gaydoris         | 3  | 2 - 1 | 2,412,579
983   | SkyPlus          | 8  | 1 - 2 | 2,409,742
984   | BlueStar         | 6  | 1 - 2 | 2,409,420
985   | Walhalla         | 4  | 1 - 2 | 2,406,460
986   | Feywilds         | 7  | 1 - 2 | 2,404,877
987   | SINoPORE         | 13  | 1 - 2 | 2,403,525
988   | Weebs_Reborn!    | 8  | 1 - 2 | 2,391,212
989   | Æsir             | 10  | 1 - 2 | 2,385,885
990   | Dreamers         | 7  | 1 - 2 | 2,385,632
991   | BluBirds         | 9  | 2 - 1 | 2,378,867
992   | YoRHa            | 8  | 1 - 2 | 2,378,753
993   | Fateful          | 7  | 1 - 2 | 2,374,090
994   | SHIRI            | 1  | 1 - 2 | 2,373,654
995   | Eidrheim         | 6  | 2 - 1 | 2,365,102
996   | Gkilling         | 13  | 1 - 2 | 2,359,157
997   | *SnowRedTears*   | 9  | 1 - 2 | 2,353,149
998   | Aesir            | 6  | 2 - 1 | 2,348,326
999   | TROLLoALICE      | 6  | 1 - 2 | 2,346,102
1000  | AdreNALine       | 6  | 1 - 2 | 2,343,012
1001  | Avernus          | 11  | 1 - 2 | 2,335,285
1002  | 시붕유치원            | 12  | 1 - 2 | 2,328,460
1003  | Delirios         | 8  | 1 - 2 | 2,320,831
1004  | SINoPuppets.Arc  | 12  | 2 - 1 | 2,312,887
1005  | PureOnes         | 3  | 2 - 1 | 2,311,775
1006  | NoppaiGG         | 1  | 1 - 2 | 2,310,605
1007  | FInALICE         | 2  | 1 - 2 | 2,309,398
1008  | Mewtaku          | 1  | 1 - 2 | 2,306,498
1009  | SonsOfAnarchy    | 8  | 1 - 2 | 2,303,934
1010  | Autores          | 8  | 1 - 2 | 2,301,449
1011  | Sin              | 10  | 1 - 2 | 2,301,347
1012  | Passione         | 11  | 1 - 2 | 2,301,246
1013  | Fate             | 3  | 1 - 2 | 2,301,020
1014  | YumeNoKoe        | 5  | 1 - 2 | 2,298,144
1015  | Moonlit⭐         | 4  | 1 - 2 | 2,292,069
1016  | TitsAhoy         | 7  | 2 - 1 | 2,283,214
1017  | Slackers         | 2  | 2 - 1 | 2,270,047
1018  | Darkborn         | 3  | 1 - 2 | 2,267,316
1019  | ExileAngels      | 8  | 1 - 2 | 2,266,113
1020  | Hysteria         | 4  | 1 - 2 | 2,262,544
1021  | MassDestruction  | 12  | 1 - 2 | 2,257,666
1022  | 펭귄로지스틱스          | 12  | 0 - 3 | 2,238,379
1023  | Simylac          | 4  | 1 - 2 | 2,237,495
1024  | SHIRANAI         | 13  | 1 - 2 | 2,225,856
1025  | Aureus           | 10  | 1 - 2 | 2,222,905
1026  | Worries          | 5  | 0 - 3 | 2,222,365
1027  | Nacre            | 5  | 1 - 2 | 2,221,291
1028  | IV-RP            | 3  | 1 - 2 | 2,220,613
1029  | KAR              | 5  | 1 - 2 | 2,219,468
1030  | Bananas!         | 12  | 1 - 2 | 2,218,749
1031  | Shuuba~          | 1  | 1 - 2 | 2,215,517
1032  | Ψ☆Nefilims☆Ψ     | 8  | 1 - 2 | 2,212,055
1033  | Rutledge         | 1  | 1 - 2 | 2,211,375
1034  | Casuals          | 6  | 2 - 1 | 2,210,292
1035  | BLANKET          | 8  | 0 - 3 | 2,203,930
1036  | Celestia         | 3  | 1 - 2 | 2,196,976
1037  | Lux-Moon         | 10  | 1 - 2 | 2,193,664
1038  | JuiceBox         | 8  | 1 - 2 | 2,186,800
1039  | GvZ              | 11  | 1 - 2 | 2,179,708
1040  | MarbleBlue       | 7  | 2 - 1 | 2,177,016
1041  | 火の味              | 12  | 2 - 1 | 2,174,206
1042  | Wadjet           | 6  | 1 - 2 | 2,173,400
1043  | Redempt          | 6  | 1 - 2 | 2,169,402
1044  | BanVaeN          | 13  | 1 - 2 | 2,164,070
1045  | loss.jpg         | 5  | 1 - 2 | 2,159,677
1046  | Rebirth          | 10  | 2 - 1 | 2,158,256
1047  | SlAckers         | 3  | 2 - 1 | 2,141,975
1048  | Saikyou~         | 12  | 1 - 2 | 2,140,763
1049  | SINoArc          | 13  | 1 - 2 | 2,139,326
1050  | Yakuza           | 5  | 1 - 2 | 2,138,518
1051  | Mirage           | 8  | 1 - 2 | 2,132,683
1052  | Flemme           | 5  | 2 - 1 | 2,128,438
1053  | Nier             | 13  | 1 - 2 | 2,124,467
1054  | Therapy          | 5  | 1 - 2 | 2,109,903
1055  | Halucyon         | 12  | 1 - 2 | 2,104,847
1056  | DosaElis         | 12  | 2 - 1 | 2,099,804
1057  | TGM              | 10  | 1 - 2 | 2,094,560
1058  | Solis            | 5  | 2 - 1 | 2,091,109
1059  | Lameroz          | 13  | 1 - 2 | 2,087,236
1060  | Valhalla         | 5  | 1 - 2 | 2,086,153
1061  | Skyhigh          | 10  | 1 - 2 | 2,080,882
1062  | Inkwell          | 9  | 1 - 2 | 2,079,247
1063  | YoRNyx           | 10  | 1 - 2 | 2,077,948
1064  | Yurei            | 10  | 2 - 1 | 2,076,181
1065  | Grimm            | 5  | 1 - 2 | 2,068,596
1066  | DaLads           | 4  | 2 - 1 | 2,056,854
1067  | Ambition         | 2  | 1 - 2 | 2,056,452
1068  | Orders           | 3  | 2 - 1 | 2,051,939
1069  | Faith            | 3  | 1 - 2 | 2,046,511
1070  | OwO              | 8  | 1 - 2 | 2,046,313
1071  | Tranquil         | 13  | 1 - 2 | 2,042,109
1072  | Wonders          | 3  | 1 - 2 | 2,032,043
1073  | Silver_Kinshi    | 6  | 1 - 2 | 2,016,878
1074  | Betelgeuse       | 5  | 2 - 1 | 2,015,848
1075  | Reverie          | 11  | 1 - 2 | 2,008,223
1076  | Reincarnation    | 7  | 1 - 2 | 1,998,631
1077  | TowerOfGod       | 4  | 1 - 2 | 1,984,165
1078  | EmilClones       | 10  | 1 - 2 | 1,983,226
1079  | Dystopia         | 5  | 1 - 2 | 1,980,022
1080  | ╬MatureBearsメ    | 8  | 1 - 2 | 1,966,958
1081  | Babel            | 5  | 1 - 2 | 1,965,892
1082  | LSG              | 10  | 1 - 2 | 1,956,335
1083  | P.o.c.           | 5  | 1 - 2 | 1,956,226
1084  | Rice             | 4  | 1 - 2 | 1,951,387
1085  | Catharsis        | 5  | 2 - 1 | 1,946,684
1086  | UltraSomnia      | 9  | 1 - 2 | 1,944,099
1087  | YoRHa            | 3  | 1 - 2 | 1,936,903
1088  | All-Icers        | 5  | 2 - 1 | 1,931,420
1089  | Replicants       | 8  | 1 - 2 | 1,929,565
1090  | SoulWar          | 5  | 1 - 2 | 1,927,950
1091  | ItWasMe,DIO!     | 7  | 1 - 2 | 1,920,842
1092  | Seiyuu           | 12  | 1 - 2 | 1,914,506
1093  | Cynical          | 10  | 1 - 2 | 1,911,388
1094  | Forsaken         | 8  | 1 - 2 | 1,905,935
1095  | Myrmidon         | 6  | 1 - 2 | 1,905,779
1096  | Valkyries        | 5  | 1 - 2 | 1,905,129
1097  | SaPE             | 5  | 1 - 2 | 1,901,700
1098  | Asphyxia         | 13  | 1 - 2 | 1,898,330
1099  | CoM              | 8  | 1 - 2 | 1,886,585
1100  | Elite|Monkey     | 5  | 1 - 2 | 1,875,629
1101  | IronMaids        | 9  | 1 - 2 | 1,868,899
1102  | Insanity         | 3  | 2 - 1 | 1,868,436
1103  | Seraphic_Chaos   | 4  | 1 - 2 | 1,867,438
1104  | WitzEnd          | 7  | 1 - 2 | 1,859,715
1105  | ☆Waifus☆         | 13  | 1 - 2 | 1,849,339
1106  | Nazarick         | 6  | 1 - 2 | 1,847,950
1107  | Oniriums         | 6  | 2 - 1 | 1,847,015
1108  | DarkStar         | 6  | 1 - 2 | 1,845,863
1109  | DragonStar       | 13  | 1 - 2 | 1,841,976
1110  | Cosmos           | 9  | 1 - 2 | 1,838,646
1111  | Dust             | 11  | 1 - 2 | 1,832,810
1112  | Dito's           | 9  | 1 - 2 | 1,832,262
1113  | Luminalis        | 11  | 1 - 2 | 1,817,446
1114  | plitor           | 4  | 1 - 2 | 1,808,930
1115  | Bleach           | 1  | 1 - 2 | 1,804,339
1116  | SINoFAMS         | 8  | 1 - 2 | 1,799,868
1117  | RaviGang         | 9  | 1 - 2 | 1,791,065
1118  | Avalon           | 3  | 0 - 3 | 1,781,321
1119  | Rubies           | 12  | 0 - 3 | 1,776,152
1120  | 콜로세움하자           | 13  | 0 - 3 | 1,769,352
1121  | Exodus           | 12  | 1 - 2 | 1,766,693
1122  | Wonderland       | 4  | 1 - 2 | 1,760,572
1123  | L4L              | 7  | 1 - 2 | 1,750,485
1124  | Renacer          | 6  | 1 - 2 | 1,746,354
1125  | Punny            | 9  | 1 - 2 | 1,740,975
1126  | SunBro           | 3  | 1 - 2 | 1,740,614
1127  | Anon             | 12  | 1 - 2 | 1,738,790
1128  | ALICE            | 4  | 1 - 2 | 1,737,210
1129  | NobleGuard       | 11  | 1 - 2 | 1,733,770
1130  | 69Degrees        | 11  | 1 - 2 | 1,728,663
1131  | Va11-Hall-A      | 10  | 1 - 2 | 1,724,161
1132  | 연인               | 13  | 1 - 2 | 1,720,503
1133  | Umbra            | 9  | 1 - 2 | 1,713,916
1134  | Reformed         | 11  | 1 - 2 | 1,704,397
1135  | Étude            | 9  | 1 - 2 | 1,682,026
1136  | Outlanders       | 5  | 1 - 2 | 1,675,878
1137  | Memoire          | 1  | 1 - 2 | 1,671,871
1138  | EmilShop         | 6  | 1 - 2 | 1,661,663
1139  | F2P_Mini         | 2  | 1 - 2 | 1,660,348
1140  | DreamKoi         | 7  | 1 - 2 | 1,660,303
1141  | 셀레스티얼            | 12  | 1 - 2 | 1,658,358
1142  | Somnus           | 8  | 1 - 2 | 1,651,957
1143  | 언더월드단            | 1  | 1 - 2 | 1,619,172
1144  | Svadesha         | 12  | 1 - 2 | 1,612,205
1145  | Yomi             | 1  | 1 - 2 | 1,607,839
1146  | Somnia           | 9  | 1 - 2 | 1,601,184
1147  | Tsumi_no_bara    | 10  | 1 - 2 | 1,598,935
1148  | Penguin          | 2  | 1 - 2 | 1,598,609
1149  | LapinSot         | 3  | 2 - 1 | 1,595,796
1150  | RosaChinensis    | 7  | 1 - 2 | 1,594,930
1151  | KoS              | 8  | 1 - 2 | 1,594,454
1152  | TeaParty         | 5  | 1 - 2 | 1,577,846
1153  | Pathos           | 9  | 1 - 2 | 1,568,629
1154  | Chilezuela       | 7  | 0 - 3 | 1,567,227
1155  | Nero=Vuoto       | 3  | 1 - 2 | 1,557,865
1156  | Lollipop         | 8  | 1 - 2 | 1,555,086
1157  | Ragnarok         | 8  | 1 - 2 | 1,538,918
1158  | Shining          | 3  | 2 - 1 | 1,535,176
1159  | EMILIA           | 1  | 1 - 2 | 1,534,842
1160  | Lovely           | 7  | 1 - 2 | 1,527,096
1161  | Eros             | 2  | 1 - 2 | 1,525,677
1162  | LunarTea         | 10  | 1 - 2 | 1,511,072
1163  | [LIBRARY(｡•̀ᴗ-)] | 9  | 1 - 2 | 1,511,066
1164  | EclataxX         | 4  | 0 - 3 | 1,505,167
1165  | Märchen          | 7  | 1 - 2 | 1,482,847
1166  | 컴파스              | 12  | 1 - 2 | 1,478,188
1167  | Tsunderes        | 10  | 1 - 2 | 1,471,435
1168  | Tato             | 7  | 1 - 2 | 1,466,809
1169  | TacoWea          | 7  | 1 - 2 | 1,459,312
1170  | FauxAmis         | 4  | 1 - 2 | 1,458,288
1171  | CAHP             | 11  | 1 - 2 | 1,446,803
1172  | Lesouper         | 4  | 1 - 2 | 1,445,590
1173  | 블랙말랑카우           | 11  | 1 - 2 | 1,443,975
1174  | Grimoire         | 6  | 1 - 2 | 1,442,469
1175  | Platinum         | 8  | 1 - 2 | 1,439,720
1176  | Nihilium         | 4  | 1 - 2 | 1,439,371
1177  | MopTales         | 5  | 1 - 2 | 1,436,463
1178  | DayDream         | 4  | 1 - 2 | 1,429,517
1179  | ^^)人(^^          | 12  | 1 - 2 | 1,429,014
1180  | HOTLOADS         | 1  | 1 - 2 | 1,427,280
1181  | 잔혹동화             | 9  | 1 - 2 | 1,420,642
1182  | Dragon           | 1  | 1 - 2 | 1,409,136
1183  | Puppets          | 3  | 1 - 2 | 1,406,181
1184  | 천하태평             | 12  | 1 - 2 | 1,399,320
1185  | Yormn's          | 8  | 1 - 2 | 1,393,581
1186  | Fenrir           | 6  | 1 - 2 | 1,392,774
1187  | Nemocus          | 9  | 1 - 2 | 1,381,706
1188  | Re:Fluff✿        | 6  | 1 - 2 | 1,377,717
1189  | SINful           | 13  | 1 - 2 | 1,375,993
1190  | [~Wicked~]       | 8  | 1 - 2 | 1,363,933
1191  | SharkNTS         | 5  | 1 - 2 | 1,348,571
1192  | ΣΟΑ              | 4  | 1 - 2 | 1,343,612
1193  | Сплюшки          | 3  | 1 - 2 | 1,343,126
1194  | Altria           | 3  | 2 - 1 | 1,341,118
1195  | NoTales          | 12  | 1 - 2 | 1,329,716
1196  | 얼음꽃              | 11  | 1 - 2 | 1,326,272
1197  | LunaNova         | 5  | 0 - 3 | 1,320,740
1198  | Stellae          | 6  | 1 - 2 | 1,309,213
1199  | YoRHa            | 3  | 1 - 2 | 1,303,509
1200  | 커피앤도넛            | 11  | 1 - 2 | 1,299,659
1201  | 폭발은예술이다          | 12  | 1 - 2 | 1,298,840
1202  | Desparia         | 9  | 1 - 2 | 1,296,989
1203  | Омут             | 1  | 1 - 2 | 1,295,721
1204  | TYBG             | 7  | 1 - 2 | 1,293,139
1205  | Divas            | 5  | 1 - 2 | 1,291,633
1206  | Chesire          | 8  | 1 - 2 | 1,288,104
1207  | Magius           | 8  | 1 - 2 | 1,282,638
1208  | DragVanish       | 5  | 1 - 2 | 1,276,301
1209  | UɴᴛɪʟDᴀᴡɴ        | 8  | 1 - 2 | 1,256,280
1210  | Eiscremerausch   | 3  | 1 - 2 | 1,254,612
1211  | SaccharineSweets | 3  | 1 - 2 | 1,253,327
1212  | Nacht            | 12  | 1 - 2 | 1,253,019
1213  | CelestialDemons  | 1  | 1 - 2 | 1,252,718
1214  | Fliedam          | 4  | 1 - 2 | 1,250,748
1215  | animeirl         | 6  | 1 - 2 | 1,246,486
1216  | Narrators        | 1  | 1 - 2 | 1,238,898
1217  | D.M.C            | 13  | 1 - 2 | 1,222,300
1218  | Iluminate        | 9  | 0 - 3 | 1,216,737
1219  | SlowLife         | 12  | 1 - 2 | 1,216,292
1220  | Avalon           | 6  | 1 - 2 | 1,210,901
1221  | ルシナ              | 3  | 1 - 2 | 1,194,512
1222  | Vanguard         | 9  | 1 - 2 | 1,193,549
1223  | BlueDrag         | 4  | 1 - 2 | 1,190,133
1224  | Trishula         | 8  | 1 - 2 | 1,189,705
1225  | MayoVerse        | 9  | 0 - 3 | 1,187,648
1226  | E7ernalShadow    | 6  | 1 - 2 | 1,184,102
1227  | Nekomata         | 9  | 1 - 2 | 1,178,128
1228  | EcchiLand        | 13  | 1 - 2 | 1,170,292
1229  | Dankness         | 5  | 1 - 2 | 1,164,387
1230  | Star-Alliance    | 5  | 1 - 2 | 1,163,366
1231  | SkyIndo          | 13  | 1 - 2 | 1,147,182
1232  | Royal            | 7  | 1 - 2 | 1,143,320
1233  | Liddell          | 12  | 1 - 2 | 1,138,467
1234  | AROOOGA          | 4  | 1 - 2 | 1,138,109
1235  | Ahjin            | 10  | 1 - 2 | 1,130,807
1236  | Wayfarer         | 10  | 0 - 3 | 1,130,022
1237  | DungeonNap       | 10  | 1 - 2 | 1,115,960
1238  | Arbiters         | 3  | 1 - 2 | 1,113,490
1239  | SINrne           | 5  | 1 - 2 | 1,112,288
1240  | Prinny_Brigade   | 13  | 1 - 2 | 1,109,480
1241  | Arunafel         | 13  | 0 - 3 | 1,107,491
1242  | PlayCat          | 13  | 1 - 2 | 1,107,172
1243  | Ardent           | 4  | 1 - 2 | 1,100,238
1244  | LOFM             | 6  | 1 - 2 | 1,095,180
1245  | Azurite          | 9  | 1 - 2 | 1,094,890
1246  | Nod              | 10  | 1 - 2 | 1,089,335
1247  | Unknown          | 5  | 0 - 3 | 1,086,453
1248  | Pandora          | 4  | 1 - 2 | 1,082,825
1249  | Bunbuns          | 8  | 1 - 2 | 1,081,223
1250  | Pandora          | 9  | 1 - 2 | 1,077,870
1251  | LlewxaM          | 7  | 1 - 2 | 1,067,823
1252  | floyd            | 7  | 1 - 2 | 1,067,274
1253  | Fallens          | 5  | 1 - 2 | 1,063,129
1254  | Arcanum          | 13  | 0 - 3 | 1,062,485
1255  | ☆707☆            | 2  | 1 - 2 | 1,052,693
1256  | Kukulkan         | 7  | 0 - 3 | 1,050,181
1257  | Hyrule           | 7  | 1 - 2 | 1,049,407
1258  | 밥심               | 11  | 1 - 2 | 1,020,885
1259  | ClstGato         | 6  | 1 - 2 | 1,013,447
1260  | Elfrinia         | 12  | 0 - 3 | 1,009,514
1261  | Pandemonium      | 4  | 1 - 2 | 1,007,046
1262  | tutelage         | 2  | 0 - 3 | 997,943
1263  | Wndrlnd          | 5  | 1 - 2 | 996,509
1264  | Arata            | 7  | 1 - 2 | 991,514
1265  | Try              | 12  | 0 - 3 | 984,134
1266  | Automata         | 8  | 1 - 2 | 975,962
1267  | DemonSoul's      | 8  | 1 - 2 | 965,066
1268  | Adam             | 5  | 1 - 2 | 958,019
1269  | Arcadia          | 11  | 0 - 3 | 952,611
1270  | Gaymers          | 4  | 1 - 2 | 950,060
1271  | Talisman         | 3  | 1 - 2 | 946,590
1272  | Thanatos         | 9  | 1 - 2 | 946,172
1273  | Eorzea           | 7  | 1 - 2 | 939,520
1274  | ImaSleep         | 9  | 1 - 2 | 935,108
1275  | bigbeefy         | 3  | 1 - 2 | 934,493
1276  | Oblivion         | 7  | 0 - 3 | 933,164
1277  | Orchid           | 13  | 0 - 3 | 910,127
1278  | Pusheen          | 8  | 1 - 2 | 909,724
1279  | Paranoia         | 11  | 0 - 3 | 903,419
1280  | SHADOW           | 5  | 1 - 2 | 903,137
1281  | FringePhatoms    | 8  | 0 - 3 | 902,323
1282  | Grimson          | 9  | 0 - 3 | 899,647
1283  | 잔혹동화출판사          | 11  | 1 - 2 | 899,367
1284  | Arcadia          | 3  | 1 - 2 | 897,734
1285  | Crows            | 9  | 0 - 3 | 891,100
1286  | TectonesGuild    | 10  | 1 - 2 | 887,911
1287  | NieR             | 5  | 1 - 2 | 887,688
1288  | Leagu3ofNON3     | 4  | 1 - 2 | 886,194
1289  | MrWolf.Co        | 6  | 1 - 2 | 881,953
1290  | Oops             | 5  | 1 - 2 | 868,530
1291  | Adastra          | 1  | 1 - 2 | 843,594
1292  | Nameless         | 11  | 0 - 3 | 828,216
1293  | Amaïaa           | 3  | 1 - 2 | 822,863
1294  | MementoMori      | 6  | 1 - 2 | 821,710
1295  | Lunaria          | 4  | 0 - 3 | 816,509
1296  | DailyDrivers     | 6  | 1 - 2 | 792,261
1297  | Arc°Nights       | 10  | 1 - 2 | 790,369
1298  | Talia            | 3  | 1 - 2 | 775,189
1299  | Zetsubou         | 5  | 1 - 2 | 771,170
1300  | Ye               | 5  | 1 - 2 | 761,234
1301  | OverFlag         | 7  | 1 - 2 | 742,279
1302  | K-on             | 5  | 1 - 2 | 742,021
1303  | BLACKPAGE        | 1  | 0 - 3 | 708,420
1304  | Elysian          | 12  | 0 - 3 | 701,422
1305  | Revenant         | 5  | 0 - 3 | 699,076
1306  | TeamSimpMid      | 6  | 1 - 2 | 690,403
1307  | Arendelle        | 6  | 0 - 3 | 687,471
1308  | Starlings        | 10  | 0 - 3 | 660,425
1309  | -YoRHa-          | 9  | 0 - 3 | 637,706
1310  | WaifuCollectors  | 3  | 1 - 2 | 632,497
1311  | indémnis         | 12  | 0 - 3 | 612,103
1312  | Endless          | 10  | 0 - 3 | 608,163
1313  | Druffis          | 5  | 0 - 3 | 603,818
1314  | SINOPOTO         | 2  | 0 - 3 | 596,207
1315  | Rabbit           | 3  | 1 - 2 | 579,333
1316  | Choco            | 8  | 0 - 3 | 571,229
1317  | CrimsonFlames    | 1  | 0 - 3 | 562,720
1318  | Solaris          | 9  | 0 - 3 | 560,388
1319  | TBD              | 11  | 1 - 2 | 549,916
1320  | 루인바르             | 12  | 0 - 3 | 544,137
1321  | DuoQBugs         | 10  | 0 - 3 | 538,229
1322  | ~Rankers~        | 6  | 0 - 3 | 536,383
1323  | 7SinCult         | 8  | 0 - 3 | 533,093
1324  | Redlily          | 5  | 1 - 2 | 530,111
1325  | Arknight         | 1  | 0 - 3 | 523,601
1326  | 조용조용             | 13  | 1 - 2 | 522,058
1327  | OrgXIII          | 3  | 0 - 3 | 519,868
1328  | Hades            | 5  | 0 - 3 | 473,698
1329  | Slackers         | 4  | 0 - 3 | 467,434
1330  | Moostrax         | 4  | 0 - 3 | 453,831
1331  | TheCrew          | 5  | 0 - 3 | 448,300
1332  | SINergia         | 13  | 0 - 3 | 441,084
1333  | AiWS             | 4  | 0 - 3 | 437,561
1334  | Nazarick         | 10  | 0 - 3 | 434,894
1335  | Insanity         | 13  | 0 - 3 | 423,683
1336  | Skario           | 5  | 0 - 3 | 417,390
1337  | Valhalla         | 11  | 0 - 3 | 411,949
1338  | YoRHa:1.2247448  | 4  | 0 - 3 | 403,747
1339  | 길드명추천받습니다        | 13  | 0 - 3 | 358,138
1340  | Spark            | 5  | 0 - 3 | 349,976
1341  | Casuals          | 12  | 0 - 3 | 343,887
1342  | NieSect          | 10  | 0 - 3 | 326,346
1343  | Jellicle         | 7  | 0 - 3 | 324,245
1344  | Saintles         | 6  | 0 - 3 | 316,072
1345  | Ebila            | 9  | 0 - 3 | 315,518
1346  | PrincesDestroyer | 7  | 0 - 3 | 313,225
1347  | Hellothr         | 6  | 0 - 3 | 309,643
1348  | Bakarina         | 3  | 0 - 3 | 307,713
1349  | Euthalia         | 8  | 0 - 3 | 304,307
1350  | NieR             | 3  | 0 - 3 | 302,953
1351  | Mylar            | 5  | 0 - 3 | 297,620
1352  | Closet           | 9  | 0 - 3 | 294,129
1353  | Vanzyrk          | 9  | 0 - 3 | 254,997
1354  | Illusive         | 1  | 0 - 3 | 248,353
1355  | SINoMEX          | 8  | 0 - 3 | 238,313
1356  | Symphogear!!     | 5  | 0 - 3 | 234,311
1357  | Kugane           | 12  | 0 - 3 | 211,449
1358  | SoS              | 5  | 0 - 3 | 210,840
1359  | Grimm            | 10  | 0 - 3 | 207,982
1360  | JuraTempest      | 9  | 0 - 3 | 205,444
1361  | Dark_Knights     | 4  | 0 - 3 | 204,705
1362  | Infernum         | 8  | 0 - 3 | 201,659
1363  | Tokugawa's       | 6  | 0 - 3 | 191,949
1364  | ¿ApplE?          | 13  | 0 - 3 | 188,302
1365  | NewDawn          | 3  | 0 - 3 | 181,094
1366  | Adamas           | 2  | 0 - 3 | 170,009
1367  | Seirei           | 3  | 0 - 3 | 163,661
1368  | 탐욕의장             | 12  | 0 - 3 | 155,224
1369  | Gestalts         | 8  | 0 - 3 | 152,517
1370  | Ingary           | 3  | 0 - 3 | 133,118
1371  | Neptune’sDevout  | 8  | 0 - 3 | 114,371
1372  | Cheshire         | 7  | 0 - 3 | 112,159
1373  | LoneWolf         | 1  | 0 - 3 | 111,059
1374  | TheArk           | 10  | 0 - 3 | 101,617
1375  | ۝Author۝         | 7  | 0 - 3 | 74,463
1376  | SINoKCB          | 7  | 0 - 3 | 57,691
1377  | 천상지유             | 12  | 0 - 3 | 54,196
1378  | 육식동물원            | 6  | 0 - 3 | 54,026
1379  | FuryCats         | 2  | 0 - 3 | 53,685
1380  | Agartha          | 12  | 0 - 3 | 53,524
1381  | Penumbra         | 1  | 0 - 3 | 51,613
1382  | YoRHa            | 9  | 0 - 3 | 48,206
1383  | AFKguild         | 4  | 0 - 3 | 44,801
1384  | YNotGuild        | 8  | 0 - 3 | 44,065
1385  | Fables           | 3  | 0 - 3 | 37,274
1386  | KupoClub         | 11  | 0 - 3 | 33,567
1387  | DragNir          | 5  | 0 - 3 | 29,883
1388  | Quills           | 4  | 0 - 3 | 25,553
1389  | Nohr             | 10  | 0 - 3 | 19,743
1390  | SaltGang         | 7  | 0 - 3 | 18,410
1391  | Nuwbieez         | 1  | 0 - 3 | 13,552
1392  | Kuuhaku          | 9  | 0 - 3 | 9,219
1393  | Atrium           | 5  | 0 - 3 | 8,006
1394  | 백일몽              | 9  | 0 - 3 | 7,188
1395  | Lounge           | 13  | 0 - 3 | 5,017
1396  | Perseverance     | 13  | 0 - 3 | 4,253
1397  | Ventura          | 5  | 0 - 3 | 3,674
1398  | Creamed          | 13  | 0 - 3 | 1,259
1399  | 데덴네              | 11  | 0 - 3 | 0