Rank  | Name             | TS | W - L | Lifeforce

1     | CyberCrime       | 10  | 5 - 0 | 26,833,442
2     | Peanut           | 5  | 5 - 0 | 25,513,199
3     | Malchi           | 9  | 5 - 0 | 25,377,307
4     | AstelliaJC       | 1  | 5 - 0 | 25,298,459
5     | Donut            | 6  | 5 - 0 | 23,469,913
6     | FishStayNightUBW | 10  | 4 - 1 | 23,388,173
7     | GabiruCult       | 7  | 5 - 0 | 23,126,165
8     | メロンパン            | 2  | 5 - 0 | 22,569,254
9     | 404              | 4  | 5 - 0 | 22,459,392
10    | Cohesion         | 3  | 5 - 0 | 22,263,462
11    | LOVELESS         | 6  | 4 - 1 | 21,383,024
12    | LaffyRaffy       | 8  | 5 - 0 | 21,338,525
13    | 오리너구리            | 12  | 5 - 0 | 20,849,291
14    | Boss             | 12  | 4 - 1 | 20,821,674
15    | UNDRGROUND       | 1  | 4 - 1 | 19,312,672
16    | SINoALICE        | 13  | 5 - 0 | 18,781,560
17    | EBabyBackRibs    | 3  | 4 - 1 | 18,699,873
18    | Reverie          | 8  | 3 - 2 | 18,396,955
19    | Mocha            | 7  | 4 - 1 | 18,382,369
20    | 2LS              | 11  | 5 - 0 | 18,191,894
21    | AI               | 8  | 4 - 1 | 18,030,050
22    | ♥♡YoЯHa♡♥        | 8  | 4 - 1 | 17,955,885
23    | Codex            | 5  | 4 - 1 | 17,953,971
24    | Angelis          | 9  | 4 - 1 | 17,928,285
25    | Squids           | 5  | 4 - 1 | 17,556,850
26    | Roselia          | 4  | 4 - 1 | 17,418,140
27    | LawIsThicc       | 9  | 4 - 1 | 17,361,769
28    | =)               | 7  | 3 - 2 | 17,240,688
29    | Rebel            | 11  | 4 - 1 | 17,065,088
30    | 벚꽃               | 12  | 4 - 1 | 16,993,159
31    | Twelve           | 9  | 3 - 2 | 16,952,558
32    | uwu♡~            | 1  | 3 - 2 | 16,897,454
33    | Caribe           | 8  | 3 - 2 | 16,680,112
34    | 幼儿园              | 10  | 4 - 1 | 16,544,267
35    | Secret_Garden    | 4  | 4 - 1 | 16,450,630
36    | SINoABBY         | 8  | 4 - 1 | 16,243,558
37    | RawHotDog        | 8  | 4 - 1 | 15,988,172
38    | 설화               | 13  | 3 - 2 | 15,894,630
39    | Armada           | 8  | 3 - 2 | 15,890,957
40    | Rebirth          | 9  | 3 - 2 | 15,852,149
41    | Brotherhood      | 9  | 3 - 2 | 15,785,997
42    | 즐거운우리집           | 13  | 4 - 1 | 15,665,169
43    | Realm            | 4  | 4 - 1 | 15,306,687
44    | Agony            | 6  | 3 - 2 | 15,276,642
45    | (주)월하미인          | 13  | 3 - 2 | 15,270,647
46    | FTRAP            | 1  | 3 - 2 | 15,110,971
47    | M&C              | 7  | 3 - 2 | 15,024,931
48    | Insomniacs       | 6  | 3 - 2 | 14,943,408
49    | 『MR』             | 9  | 4 - 1 | 14,914,348
50    | Loaf             | 7  | 3 - 2 | 14,905,429
51    | Tartarus         | 8  | 4 - 1 | 14,854,894
52    | Altair           | 10  | 4 - 1 | 14,830,864
53    | Almond           | 13  | 4 - 1 | 14,783,175
54    | Scripted         | 11  | 3 - 2 | 14,572,466
55    | FullMoonCafe     | 6  | 4 - 1 | 14,551,779
56    | Fantasy          | 8  | 4 - 1 | 14,514,290
57    | Quit4Prison      | 5  | 4 - 1 | 14,385,688
58    | Ogygia           | 1  | 4 - 1 | 14,347,696
59    | Encore           | 13  | 4 - 1 | 14,246,181
60    | MilkVoid         | 9  | 3 - 2 | 14,217,776
61    | Forget2Play      | 11  | 3 - 2 | 14,184,555
62    | Starry           | 10  | 4 - 1 | 14,114,352
63    | Abhorsen         | 7  | 4 - 1 | 14,100,586
64    | Toast            | 7  | 4 - 1 | 14,067,543
65    | ☆Soulmate☆       | 11  | 4 - 1 | 14,033,774
66    | Vesto            | 5  | 3 - 2 | 14,022,148
67    | FinalAct         | 10  | 4 - 1 | 13,926,217
68    | Astryx           | 8  | 3 - 2 | 13,772,226
69    | Weebs            | 5  | 4 - 1 | 13,739,601
70    | Salvation™       | 5  | 4 - 1 | 13,612,034
71    | Stardust         | 4  | 3 - 2 | 13,594,641
72    | Harmony          | 4  | 4 - 1 | 13,550,919
73    | Wu               | 9  | 3 - 2 | 13,472,141
74    | Solis            | 5  | 4 - 1 | 13,458,205
75    | Noxious          | 4  | 2 - 3 | 13,439,102
76    | Divine           | 9  | 4 - 1 | 13,404,261
77    | Pariah           | 4  | 3 - 2 | 13,386,645
78    | Revive           | 8  | 3 - 2 | 13,354,759
79    | Destiny          | 3  | 4 - 1 | 13,309,636
80    | Chronicles       | 1  | 2 - 3 | 13,307,081
81    | TheNut           | 8  | 3 - 2 | 13,275,871
82    | Nandos           | 1  | 3 - 2 | 13,225,613
83    | mnemonic         | 7  | 3 - 2 | 13,221,111
84    | Revive20SP       | 4  | 4 - 1 | 13,207,847
85    | Enigami          | 12  | 3 - 2 | 13,187,429
86    | 만사귀찮             | 1  | 4 - 1 | 13,184,070
87    | RuriBestWaifu    | 9  | 3 - 2 | 13,157,959
88    | ƔϵևՁɠɠ           | 13  | 4 - 1 | 13,147,902
89    | Cirque           | 9  | 3 - 2 | 13,088,202
90    | Nyaaa            | 9  | 3 - 2 | 13,079,142
91    | Elegy            | 10  | 3 - 2 | 13,068,498
92    | Roanapur         | 12  | 4 - 1 | 13,052,575
93    | Wall-Nut         | 9  | 4 - 1 | 13,032,620
94    | 문제아              | 13  | 3 - 2 | 13,026,540
95    | =(               | 7  | 3 - 2 | 13,021,948
96    | Hollow           | 10  | 3 - 2 | 12,994,889
97    | WeebLand         | 2  | 4 - 1 | 12,989,008
98    | YoRha            | 5  | 4 - 1 | 12,952,191
99    | Pekoland         | 1  | 3 - 2 | 12,914,113
100   | Chronos          | 2  | 4 - 1 | 12,902,466
101   | Aether           | 8  | 4 - 1 | 12,884,759
102   | WeLoveUAlice     | 7  | 4 - 1 | 12,877,892
103   | Maple            | 10  | 4 - 1 | 12,872,364
104   | Yozora           | 6  | 4 - 1 | 12,865,262
105   | Pokédex          | 6  | 3 - 2 | 12,833,676
106   | GranClowns       | 5  | 4 - 1 | 12,814,739
107   | 블랙소울             | 13  | 4 - 1 | 12,762,707
108   | Gods             | 7  | 3 - 2 | 12,635,661
109   | Darkness         | 7  | 4 - 1 | 12,577,334
110   | mEmE             | 11  | 3 - 2 | 12,564,537
111   | GrandSouls       | 10  | 4 - 1 | 12,559,717
112   | 마굿간              | 13  | 4 - 1 | 12,544,945
113   | 뉴비               | 12  | 3 - 2 | 12,528,425
114   | UmaruLand        | 8  | 3 - 2 | 12,516,717
115   | Dream            | 9  | 3 - 2 | 12,515,730
116   | 한국산흑우단           | 12  | 3 - 2 | 12,514,007
117   | Amaranth         | 4  | 4 - 1 | 12,490,038
118   | Genocide         | 12  | 3 - 2 | 12,487,198
119   | Everlasting      | 6  | 3 - 2 | 12,440,414
120   | Marigold         | 5  | 4 - 1 | 12,366,560
121   | UnitalRing       | 10  | 3 - 2 | 12,211,409
122   | Punny            | 7  | 4 - 1 | 12,207,383
123   | CaSINo           | 3  | 3 - 2 | 12,167,972
124   | JustUsFrogsAgain | 4  | 3 - 2 | 12,155,038
125   | Stellar          | 13  | 4 - 1 | 12,127,429
126   | Corosars         | 1  | 3 - 2 | 12,103,977
127   | Malice           | 7  | 3 - 2 | 12,068,648
128   | Test             | 4  | 4 - 1 | 12,052,348
129   | SinoLewd         | 10  | 3 - 2 | 12,028,554
130   | Kali             | 5  | 4 - 1 | 12,012,207
131   | Phantagasm       | 10  | 3 - 2 | 11,999,052
132   | Another          | 8  | 3 - 2 | 11,983,218
133   | Birbs            | 5  | 3 - 2 | 11,977,976
134   | Choten           | 6  | 3 - 2 | 11,974,882
135   | Reunion          | 4  | 3 - 2 | 11,971,922
136   | VeXille          | 4  | 3 - 2 | 11,925,929
137   | Typhon           | 9  | 3 - 2 | 11,911,745
138   | ♤♡Palace♧♢       | 1  | 3 - 2 | 11,900,978
139   | SANCTUM          | 5  | 3 - 2 | 11,900,747
140   | Oblivion         | 5  | 3 - 2 | 11,898,756
141   | Kyobo            | 4  | 3 - 2 | 11,897,036
142   | [_]              | 3  | 3 - 2 | 11,891,325
143   | Arroz            | 6  | 3 - 2 | 11,884,995
144   | Hellions         | 4  | 4 - 1 | 11,860,117
145   | Dabbers          | 5  | 3 - 2 | 11,851,743
146   | ㄴㄱ               | 7  | 3 - 2 | 11,846,932
147   | Ecstasy          | 1  | 4 - 1 | 11,841,648
148   | /rope/           | 9  | 3 - 2 | 11,827,318
149   | 히사시부리            | 12  | 3 - 2 | 11,809,792
150   | Moogles          | 6  | 3 - 2 | 11,808,159
151   | SleepingAngels   | 10  | 4 - 1 | 11,801,097
152   | OuRHa            | 6  | 3 - 2 | 11,720,634
153   | OrcinusOrca      | 7  | 3 - 2 | 11,719,417
154   | 새벽               | 13  | 4 - 1 | 11,704,718
155   | Elysium          | 4  | 3 - 2 | 11,703,569
156   | Belial           | 8  | 3 - 2 | 11,698,320
157   | BeAsG0Ds         | 5  | 4 - 1 | 11,683,586
158   | Nexus            | 9  | 4 - 1 | 11,673,035
159   | 의미               | 11  | 4 - 1 | 11,657,359
160   | 잔향               | 12  | 3 - 2 | 11,645,341
161   | AlmondMilk       | 13  | 3 - 2 | 11,630,085
162   | ♥TiredTaxpayers♥ | 10  | 3 - 2 | 11,628,911
163   | Axolotl生         | 8  | 4 - 1 | 11,623,545
164   | GrimmNightmare   | 5  | 4 - 1 | 11,623,500
165   | X̷I̷I̷I̷         | 7  | 4 - 1 | 11,602,134
166   | KAIJU            | 8  | 3 - 2 | 11,595,605
167   | Unseelie         | 8  | 4 - 1 | 11,585,847
168   | Rapture          | 4  | 3 - 2 | 11,572,727
169   | Vroom            | 11  | 3 - 2 | 11,569,705
170   | Lost_Cause       | 10  | 4 - 1 | 11,562,440
171   | Materia          | 8  | 3 - 2 | 11,519,592
172   | Avarice          | 10  | 3 - 2 | 11,509,941
173   | KULTURE          | 9  | 3 - 2 | 11,504,448
174   | Eclipse          | 7  | 3 - 2 | 11,503,355
175   | Uncharted        | 5  | 3 - 2 | 11,445,355
176   | Homura炎          | 1  | 4 - 1 | 11,444,769
177   | Liquid           | 10  | 3 - 2 | 11,418,106
178   | CrimsonTears     | 8  | 3 - 2 | 11,415,250
179   | ArkainaKore      | 8  | 3 - 2 | 11,369,028
180   | EatPant2         | 10  | 4 - 1 | 11,353,244
181   | [Not]Eternia     | 9  | 4 - 1 | 11,285,972
182   | Phantoms         | 2  | 3 - 2 | 11,224,640
183   | LammyCult        | 9  | 4 - 1 | 11,203,468
184   | PlayWoW          | 13  | 3 - 2 | 11,191,213
185   | 福Lucky♡          | 1  | 4 - 1 | 11,158,659
186   | Lunar日食          | 8  | 3 - 2 | 11,147,469
187   | VanitaS          | 3  | 3 - 2 | 11,137,561
188   | Otaku            | 9  | 4 - 1 | 11,118,947
189   | Alliance         | 9  | 3 - 2 | 11,114,956
190   | HoloLive         | 12  | 4 - 1 | 11,086,950
191   | Neko★彡彡          | 13  | 2 - 3 | 11,079,341
192   | Memento          | 11  | 3 - 2 | 11,059,340
193   | 디시인사이드           | 11  | 3 - 2 | 11,054,501
194   | Nazarick         | 3  | 4 - 1 | 11,026,402
195   | Noragami         | 4  | 3 - 2 | 11,008,272
196   | Chaos            | 10  | 3 - 2 | 10,987,475
197   | WildRose         | 8  | 3 - 2 | 10,982,746
198   | iGod             | 6  | 3 - 2 | 10,959,143
199   | Tempest          | 12  | 4 - 1 | 10,953,291
200   | 카레맛집             | 12  | 3 - 2 | 10,928,077
201   | Nameless         | 8  | 4 - 1 | 10,926,174
202   | Puzzles          | 9  | 3 - 2 | 10,913,106
203   | Ichariba         | 1  | 3 - 2 | 10,903,139
204   | ꧁SnowSanctuary꧂  | 11  | 3 - 2 | 10,895,616
205   | 영원               | 12  | 3 - 2 | 10,883,018
206   | Lucklets         | 4  | 3 - 2 | 10,865,259
207   | 14vs1            | 1  | 3 - 2 | 10,860,874
208   | Phantasmagoria   | 5  | 2 - 3 | 10,847,214
209   | Wormhole         | 6  | 4 - 1 | 10,844,098
210   | Quebec           | 6  | 2 - 3 | 10,781,537
211   | Eternum          | 8  | 3 - 2 | 10,761,663
212   | Elkia            | 1  | 3 - 2 | 10,756,742
213   | Happy            | 12  | 3 - 2 | 10,742,052
214   | MilkTea自         | 1  | 3 - 2 | 10,710,967
215   | Void             | 7  | 3 - 2 | 10,706,687
216   | TakoYaki         | 13  | 3 - 2 | 10,673,574
217   | owo7             | 13  | 2 - 3 | 10,645,902
218   | HupGuard         | 5  | 3 - 2 | 10,641,354
219   | Fables           | 10  | 4 - 1 | 10,629,795
220   | Ikimasu          | 7  | 3 - 2 | 10,614,867
221   | 밤하늘              | 1  | 3 - 2 | 10,608,588
222   | Faustian         | 7  | 3 - 2 | 10,586,398
223   | Guardians        | 12  | 3 - 2 | 10,585,285
224   | Carmesí          | 9  | 3 - 2 | 10,585,149
225   | Rayearth         | 7  | 4 - 1 | 10,574,578
226   | PHAEDRA          | 10  | 3 - 2 | 10,573,703
227   | Precure          | 4  | 4 - 1 | 10,569,353
228   | RosaGigantea     | 8  | 3 - 2 | 10,563,151
229   | SINcerity        | 5  | 3 - 2 | 10,560,511
230   | Avantheim        | 13  | 3 - 2 | 10,548,846
231   | Smh-3-           | 9  | 3 - 2 | 10,546,075
232   | OFFtopic         | 6  | 3 - 2 | 10,518,783
233   | Hazelnut         | 5  | 3 - 2 | 10,493,505
234   | /sagg/           | 9  | 3 - 2 | 10,480,504
235   | Shikibu          | 9  | 3 - 2 | 10,476,076
236   | [Blank]          | 5  | 3 - 2 | 10,464,180
237   | Moonfall         | 4  | 3 - 2 | 10,463,311
238   | 냥냥펀치             | 13  | 3 - 2 | 10,452,658
239   | ᴇᴠɪʟ☬ɢᴇɴɪᴜꜱᴇꜱ    | 7  | 3 - 2 | 10,450,361
240   | Bananas          | 10  | 3 - 2 | 10,449,516
241   | Cthuwu           | 10  | 3 - 2 | 10,415,020
242   | DayDream         | 5  | 2 - 3 | 10,405,776
243   | ClammyClam       | 5  | 2 - 3 | 10,389,492
244   | FoxTails         | 13  | 4 - 1 | 10,386,417
245   | Imperial         | 7  | 3 - 2 | 10,368,115
246   | TheGuild         | 4  | 4 - 1 | 10,343,487
247   | La_Secte         | 5  | 3 - 2 | 10,329,766
248   | BadLuck          | 9  | 3 - 2 | 10,329,435
249   | Sleepless        | 10  | 3 - 2 | 10,325,491
250   | Tiramisu         | 8  | 2 - 3 | 10,304,454
251   | BloodOath        | 1  | 3 - 2 | 10,283,115
252   | 신오앨리스            | 12  | 4 - 1 | 10,282,043
253   | 765Pro           | 4  | 3 - 2 | 10,246,464
254   | AllStars         | 4  | 3 - 2 | 10,244,010
255   | ~Epiphany~       | 3  | 4 - 1 | 10,230,311
256   | Aether           | 4  | 3 - 2 | 10,229,177
257   | Genesis          | 8  | 4 - 1 | 10,228,670
258   | TeaCats          | 13  | 3 - 2 | 10,213,262
259   | Elegy            | 6  | 3 - 2 | 10,199,955
260   | Pequod           | 4  | 3 - 2 | 10,191,917
261   | LosMiMichitos    | 9  | 3 - 2 | 10,167,978
262   | Athenaeum        | 6  | 3 - 2 | 10,148,966
263   | Abyss            | 8  | 2 - 3 | 10,142,364
264   | Lethaeus         | 6  | 4 - 1 | 10,137,920
265   | MoguMogu         | 12  | 4 - 1 | 10,104,764
266   | PowerUP          | 9  | 3 - 2 | 10,104,460
267   | ZaWarudo         | 3  | 3 - 2 | 10,085,444
268   | AlioRegnum       | 3  | 4 - 1 | 10,069,702
269   | .·´✧Depora✧`·.   | 7  | 3 - 2 | 10,063,695
270   | Aussie           | 8  | 3 - 2 | 10,053,927
271   | TRIAD            | 13  | 4 - 1 | 10,043,463
272   | Squids           | 10  | 3 - 2 | 10,026,675
273   | 코코는병아리           | 11  | 4 - 1 | 10,024,139
274   | AstessiaJC       | 13  | 2 - 3 | 9,956,906
275   | WildHunt         | 6  | 3 - 2 | 9,952,611
276   | Monochrome       | 5  | 3 - 2 | 9,946,907
277   | Draconic         | 1  | 2 - 3 | 9,938,398
278   | Schwert          | 10  | 3 - 2 | 9,909,905
279   | PhantomTroupe    | 10  | 3 - 2 | 9,883,661
280   | TheNorth         | 7  | 3 - 2 | 9,864,986
281   | TBC              | 6  | 3 - 2 | 9,853,278
282   | Vesperia         | 7  | 3 - 2 | 9,821,522
283   | Wisteria         | 7  | 3 - 2 | 9,816,163
284   | Odyssey          | 5  | 2 - 3 | 9,797,004
285   | TARDIS           | 4  | 3 - 2 | 9,793,548
286   | Hopeless         | 8  | 3 - 2 | 9,785,066
287   | FuwaFuwa         | 11  | 3 - 2 | 9,773,494
288   | Mistborn         | 5  | 3 - 2 | 9,751,283
289   | Kyogen           | 5  | 4 - 1 | 9,742,838
290   | HachikujiMayoi   | 6  | 3 - 2 | 9,726,532
291   | Valiance         | 6  | 3 - 2 | 9,721,266
292   | Defiance(｡･ω･｡)ﾉ | 11  | 2 - 3 | 9,710,441
293   | Hololive         | 11  | 3 - 2 | 9,690,841
294   | Pantheon         | 11  | 2 - 3 | 9,690,009
295   | SunnyDay~        | 12  | 3 - 2 | 9,689,843
296   | Drzkade          | 1  | 3 - 2 | 9,684,808
297   | Gullible         | 11  | 4 - 1 | 9,679,352
298   | BookClub         | 9  | 3 - 2 | 9,649,413
299   | .Manica.         | 4  | 2 - 3 | 9,641,270
300   | 7thElement       | 8  | 3 - 2 | 9,640,004
301   | Bookstore        | 5  | 4 - 1 | 9,619,842
302   | Coldbrew         | 13  | 3 - 2 | 9,611,828
303   | YokoTako         | 8  | 2 - 3 | 9,606,004
304   | Re:ℤer๏          | 9  | 3 - 2 | 9,549,718
305   | Shade            | 6  | 3 - 2 | 9,542,607
306   | MilkGod          | 12  | 3 - 2 | 9,524,560
307   | Alabaster        | 9  | 3 - 2 | 9,523,352
308   | Alter            | 9  | 3 - 2 | 9,508,733
309   | GrimTale         | 5  | 3 - 2 | 9,505,939
310   | JuraForest       | 13  | 3 - 2 | 9,498,502
311   | Abandoned        | 3  | 4 - 1 | 9,496,429
312   | NoMercy          | 4  | 3 - 2 | 9,489,460
313   | Baguette         | 5  | 3 - 2 | 9,469,359
314   | Asterisk         | 5  | 3 - 2 | 9,457,333
315   | Intoners         | 3  | 3 - 2 | 9,456,315
316   | 냥냥킥              | 12  | 3 - 2 | 9,407,806
317   | Yaiba2.0         | 9  | 3 - 2 | 9,403,148
318   | Mjødhall         | 5  | 3 - 2 | 9,376,713
319   | Echi_Di_CULtura  | 4  | 2 - 3 | 9,371,778
320   | Ohanami          | 11  | 3 - 2 | 9,371,303
321   | Mexicore         | 8  | 3 - 2 | 9,368,776
322   | Luxuria          | 9  | 3 - 2 | 9,355,875
323   | Affenbande       | 4  | 3 - 2 | 9,350,311
324   | Refuwugees       | 10  | 3 - 2 | 9,346,998
325   | Gateway          | 4  | 4 - 1 | 9,336,580
326   | Lethargy         | 11  | 3 - 2 | 9,322,286
327   | Doge             | 13  | 3 - 2 | 9,319,328
328   | 7Sins            | 5  | 3 - 2 | 9,311,547
329   | Imperium         | 3  | 3 - 2 | 9,287,766
330   | ꫛꫀꪝ✧‧˚           | 13  | 3 - 2 | 9,280,437
331   | Upupupu          | 8  | 2 - 3 | 9,271,656
332   | SOX天国            | 9  | 3 - 2 | 9,260,114
333   | Reroll-Yubi      | 10  | 3 - 2 | 9,239,378
334   | #Junkies         | 5  | 3 - 2 | 9,237,423
335   | µ's              | 10  | 3 - 2 | 9,234,323
336   | ISEKAI           | 8  | 3 - 2 | 9,233,563
337   | 【﻿ＢＬＩＮＫ】         | 11  | 2 - 3 | 9,219,128
338   | Xoriat           | 9  | 3 - 2 | 9,214,409
339   | NoTale.F.A       | 5  | 3 - 2 | 9,209,085
340   | Ragnarokr        | 10  | 2 - 3 | 9,202,137
341   | Lunatear         | 11  | 4 - 1 | 9,201,681
342   | Lunaris          | 8  | 3 - 2 | 9,197,013
343   | Valhalla         | 6  | 3 - 2 | 9,170,273
344   | RavenPoe         | 9  | 3 - 2 | 9,161,918
345   | KARMA            | 5  | 2 - 3 | 9,139,413
346   | Arcanum          | 4  | 3 - 2 | 9,125,275
347   | Yharnam          | 7  | 3 - 2 | 9,113,525
348   | HoneyBunny       | 1  | 2 - 3 | 9,090,184
349   | RoyalKnights     | 8  | 4 - 1 | 9,027,083
350   | SINoBEARS        | 3  | 3 - 2 | 9,026,530
351   | ᴀsᴄᴇɴsɪᴏɴ        | 3  | 3 - 2 | 9,022,879
352   | DârkSîn          | 10  | 3 - 2 | 9,021,991
353   | Daybreak         | 13  | 3 - 2 | 9,011,201
354   | Roselia          | 13  | 3 - 2 | 8,991,914
355   | bbt              | 10  | 3 - 2 | 8,984,071
356   | LuckyOrb         | 6  | 4 - 1 | 8,971,140
357   | hyouka           | 7  | 3 - 2 | 8,970,590
358   | pepega           | 12  | 3 - 2 | 8,967,716
359   | Noobs            | 9  | 3 - 2 | 8,957,222
360   | Blank            | 5  | 3 - 2 | 8,957,083
361   | Daijoubu         | 5  | 3 - 2 | 8,950,804
362   | Arialis          | 6  | 3 - 2 | 8,947,594
363   | Nyantropy        | 10  | 3 - 2 | 8,941,752
364   | SoCal            | 9  | 2 - 3 | 8,938,167
365   | Malice           | 11  | 3 - 2 | 8,937,430
366   | Nutella          | 12  | 3 - 2 | 8,932,363
367   | Hollows          | 4  | 3 - 2 | 8,929,536
368   | Phantom          | 5  | 3 - 2 | 8,924,524
369   | Absolution       | 3  | 3 - 2 | 8,923,269
370   | RLC              | 13  | 3 - 2 | 8,886,429
371   | Alice            | 1  | 3 - 2 | 8,877,120
372   | KG               | 9  | 3 - 2 | 8,872,746
373   | Royals           | 8  | 3 - 2 | 8,872,011
374   | RhodesID         | 12  | 3 - 2 | 8,870,863
375   | Avenoir          | 9  | 2 - 3 | 8,841,704
376   | SINoYOKO         | 5  | 3 - 2 | 8,822,299
377   | Dissonance       | 4  | 3 - 2 | 8,806,044
378   | Space            | 8  | 3 - 2 | 8,804,922
379   | Eorzeans         | 10  | 2 - 3 | 8,804,702
380   | Caterus          | 7  | 3 - 2 | 8,792,074
381   | TheBeans         | 7  | 3 - 2 | 8,790,663
382   | Legion           | 8  | 3 - 2 | 8,748,414
383   | Pluggies         | 1  | 3 - 2 | 8,744,770
384   | SV               | 13  | 3 - 2 | 8,736,518
385   | KampungRealtra   | 12  | 3 - 2 | 8,733,617
386   | Freedom          | 12  | 3 - 2 | 8,723,001
387   | Niflheim         | 11  | 3 - 2 | 8,703,820
388   | KooNest          | 2  | 3 - 2 | 8,703,393
389   | Sino             | 6  | 3 - 2 | 8,702,714
390   | RedQueen         | 9  | 3 - 2 | 8,694,244
391   | BLANKET          | 8  | 2 - 3 | 8,672,010
392   | Hokuten-Knights  | 4  | 3 - 2 | 8,657,650
393   | Alicization      | 13  | 3 - 2 | 8,646,878
394   | FGOChile         | 8  | 3 - 2 | 8,629,725
395   | SomePP           | 1  | 3 - 2 | 8,617,126
396   | Zeal             | 7  | 3 - 2 | 8,616,083
397   | Fatalis          | 1  | 3 - 2 | 8,613,310
398   | Meow             | 4  | 3 - 2 | 8,600,766
399   | Cheshire         | 10  | 3 - 2 | 8,574,440
400   | DeadDemon        | 9  | 3 - 2 | 8,566,847
401   | Libra            | 3  | 3 - 2 | 8,555,980
402   | Paywall          | 5  | 3 - 2 | 8,550,262
403   | Panda            | 5  | 2 - 3 | 8,549,794
404   | Oracles          | 7  | 3 - 2 | 8,542,017
405   | Marina           | 13  | 3 - 2 | 8,510,366
406   | ♡DEBAUCHERY♥     | 1  | 3 - 2 | 8,510,087
407   | Salière          | 5  | 3 - 2 | 8,500,262
408   | SunTears         | 5  | 4 - 1 | 8,490,248
409   | Replicant        | 8  | 3 - 2 | 8,484,658
410   | OnceUpon         | 10  | 2 - 3 | 8,475,268
411   | ☆☆LAZe☆☆         | 7  | 3 - 2 | 8,465,719
412   | FABLES           | 12  | 3 - 2 | 8,462,611
413   | MirrorOfFate     | 9  | 3 - 2 | 8,452,088
414   | Nightfall        | 12  | 3 - 2 | 8,449,375
415   | TaroBoba         | 10  | 3 - 2 | 8,444,936
416   | PhantomRoad      | 1  | 4 - 1 | 8,441,594
417   | Cognatus         | 8  | 2 - 3 | 8,440,162
418   | Arrogance        | 10  | 4 - 1 | 8,434,582
419   | Pendraig         | 11  | 3 - 2 | 8,434,084
420   | Pleiades         | 10  | 2 - 3 | 8,415,996
421   | Nazarick         | 7  | 3 - 2 | 8,410,979
422   | •FurrosTulOnes•  | 8  | 2 - 3 | 8,393,359
423   | Insomnia         | 11  | 3 - 2 | 8,379,606
424   | GrimHope         | 10  | 3 - 2 | 8,374,131
425   | Hololive         | 9  | 3 - 2 | 8,364,780
426   | NeonBomb         | 8  | 3 - 2 | 8,347,048
427   | SinoSG           | 12  | 3 - 2 | 8,337,127
428   | Pudding          | 6  | 3 - 2 | 8,309,150
429   | Outliers         | 8  | 3 - 2 | 8,308,778
430   | Kwassont         | 9  | 4 - 1 | 8,292,451
431   | Bushido          | 9  | 3 - 2 | 8,292,379
432   | KuroiUta         | 3  | 4 - 1 | 8,291,431
433   | BlackAtlas       | 5  | 4 - 1 | 8,290,787
434   | SectaDeLammy     | 8  | 3 - 2 | 8,275,352
435   | EndofPariah      | 5  | 2 - 3 | 8,267,456
436   | TeamPetty        | 5  | 3 - 2 | 8,233,184
437   | Persona          | 8  | 3 - 2 | 8,230,243
438   | YssSG            | 12  | 3 - 2 | 8,215,947
439   | RedQueen         | 3  | 3 - 2 | 8,214,302
440   | DarkMoon         | 4  | 3 - 2 | 8,210,574
441   | Buffones         | 7  | 3 - 2 | 8,196,812
442   | Drakengard       | 12  | 3 - 2 | 8,180,100
443   | Daylight         | 5  | 2 - 3 | 8,169,609
444   | Chaldea          | 3  | 3 - 2 | 8,169,480
445   | S.E.A            | 13  | 3 - 2 | 8,167,102
446   | SUNSET.R         | 7  | 3 - 2 | 8,160,831
447   | Liebrary         | 4  | 3 - 2 | 8,128,016
448   | Halcyon          | 8  | 3 - 2 | 8,101,727
449   | BlackFeathers    | 7  | 3 - 2 | 8,100,562
450   | S.H.             | 6  | 3 - 2 | 8,090,454
451   | NoNamed          | 12  | 3 - 2 | 8,079,496
452   | Sin              | 4  | 3 - 2 | 8,072,746
453   | Märchen          | 4  | 3 - 2 | 8,058,652
454   | Charlemagne      | 4  | 3 - 2 | 8,053,007
455   | Chonkers         | 7  | 3 - 2 | 8,046,030
456   | CatCafé          | 5  | 3 - 2 | 8,036,658
457   | Jelly            | 10  | 3 - 2 | 8,030,818
458   | Vigrior          | 13  | 4 - 1 | 7,996,489
459   | Ex-YorHa         | 7  | 3 - 2 | 7,982,560
460   | Sanctum          | 3  | 3 - 2 | 7,978,890
461   | PiKACHeW         | 1  | 3 - 2 | 7,971,209
462   | Sidonia          | 8  | 3 - 2 | 7,966,975
463   | BulbGang         | 11  | 4 - 1 | 7,962,097
464   | Thighdeology     | 10  | 3 - 2 | 7,960,206
465   | Sin              | 10  | 3 - 2 | 7,955,621
466   | Astarea          | 13  | 3 - 2 | 7,954,392
467   | Azur             | 3  | 2 - 3 | 7,954,126
468   | Espada           | 10  | 3 - 2 | 7,951,872
469   | Exile            | 12  | 3 - 2 | 7,951,321
470   | Maung            | 13  | 2 - 3 | 7,933,034
471   | Synchronicity    | 5  | 3 - 2 | 7,931,219
472   | Knightmare       | 9  | 3 - 2 | 7,928,943
473   | SAVAGE           | 10  | 3 - 2 | 7,923,086
474   | Bullied          | 10  | 2 - 3 | 7,917,010
475   | Elysium          | 10  | 2 - 3 | 7,907,128
476   | Gestalt          | 3  | 3 - 2 | 7,900,419
477   | Omega            | 7  | 2 - 3 | 7,894,611
478   | Memories         | 1  | 3 - 2 | 7,871,078
479   | Wantasm          | 8  | 3 - 2 | 7,870,665
480   | GrimmRevolution  | 9  | 2 - 3 | 7,868,491
481   | CULToSUNNY       | 3  | 3 - 2 | 7,850,131
482   | |Solo|           | 1  | 3 - 2 | 7,849,213
483   | OrberLords       | 3  | 3 - 2 | 7,841,534
484   | Frans            | 8  | 2 - 3 | 7,838,235
485   | HailFuHua        | 9  | 3 - 2 | 7,835,931
486   | LaPalourdeSalée  | 3  | 3 - 2 | 7,817,957
487   | Killhare         | 8  | 3 - 2 | 7,811,915
488   | CrimsonButterfly | 6  | 4 - 1 | 7,803,039
489   | 연린               | 12  | 2 - 3 | 7,800,203
490   | RE:CDE           | 8  | 2 - 3 | 7,785,558
491   | Library          | 4  | 3 - 2 | 7,770,084
492   | NazarickⓈ        | 8  | 2 - 3 | 7,768,514
493   | Tenshura         | 5  | 3 - 2 | 7,737,430
494   | Bellum           | 8  | 2 - 3 | 7,727,429
495   | •WNDRLND•        | 10  | 3 - 2 | 7,711,247
496   | 『Nєχυѕ』          | 8  | 3 - 2 | 7,699,867
497   | 9Realms          | 6  | 2 - 3 | 7,699,597
498   | YoRHa            | 13  | 2 - 3 | 7,696,016
499   | Loliness         | 1  | 2 - 3 | 7,688,549
500   | [γк]Yukiri       | 9  | 3 - 2 | 7,683,071
501   | Scythe           | 4  | 3 - 2 | 7,681,975
502   | Moonrise         | 7  | 2 - 3 | 7,680,809
503   | หิวข้าว          | 12  | 3 - 2 | 7,676,275
504   | MomPasta         | 13  | 4 - 1 | 7,649,546
505   | Carriya          | 12  | 3 - 2 | 7,630,194
506   | Armed            | 9  | 2 - 3 | 7,609,979
507   | HEX              | 5  | 3 - 2 | 7,607,938
508   | Sankta           | 9  | 3 - 2 | 7,601,845
509   | ZODIAC           | 13  | 2 - 3 | 7,601,366
510   | FUNAlice         | 9  | 2 - 3 | 7,599,285
511   | GrandAvalon      | 9  | 3 - 2 | 7,595,306
512   | Oldworld         | 3  | 3 - 2 | 7,592,644
513   | Lycoris          | 5  | 3 - 2 | 7,585,945
514   | ϟNeverland       | 1  | 3 - 2 | 7,570,425
515   | StateFarm        | 10  | 2 - 3 | 7,565,056
516   | OwO              | 12  | 2 - 3 | 7,563,660
517   | CIIC             | 10  | 2 - 3 | 7,538,085
518   | CBTXNTR          | 11  | 3 - 2 | 7,532,711
519   | Kokytus          | 8  | 2 - 3 | 7,531,541
520   | Crypters         | 9  | 3 - 2 | 7,524,489
521   | Aeternum         | 1  | 3 - 2 | 7,519,896
522   | ChurchOfTamagod  | 11  | 3 - 2 | 7,518,686
523   | Eg.g.            | 7  | 3 - 2 | 7,513,766
524   | Jelly            | 13  | 3 - 2 | 7,499,145
525   | RedHand          | 6  | 4 - 1 | 7,482,127
526   | BlackRose        | 6  | 3 - 2 | 7,464,450
527   | Phase            | 6  | 2 - 3 | 7,464,430
528   | Grimms_Requiem   | 4  | 3 - 2 | 7,461,987
529   | 『MiSFiTS』        | 12  | 3 - 2 | 7,454,445
530   | AetherRoar       | 9  | 2 - 3 | 7,441,773
531   | WitchesTheater   | 10  | 3 - 2 | 7,435,283
532   | Veritas          | 10  | 2 - 3 | 7,421,308
533   | Virtuous         | 1  | 2 - 3 | 7,416,161
534   | SINoLAVI         | 7  | 3 - 2 | 7,409,925
535   | Necronomicon     | 10  | 2 - 3 | 7,392,007
536   | YoRHa~           | 5  | 3 - 2 | 7,383,549
537   | Thigh.Highs&GB   | 8  | 3 - 2 | 7,371,574
538   | CoolKids         | 6  | 3 - 2 | 7,368,231
539   | Gatorland        | 4  | 3 - 2 | 7,366,823
540   | YoRHa            | 2  | 3 - 2 | 7,334,080
541   | Swordboy         | 10  | 3 - 2 | 7,328,543
542   | Lancaster        | 13  | 3 - 2 | 7,320,676
543   | Genesis          | 3  | 3 - 2 | 7,320,459
544   | Bakery           | 7  | 2 - 3 | 7,308,207
545   | DayBreak         | 8  | 3 - 2 | 7,303,621
546   | LePilier         | 4  | 2 - 3 | 7,286,972
547   | ProjectD         | 5  | 3 - 2 | 7,286,689
548   | Glace            | 7  | 3 - 2 | 7,284,591
549   | Dai-Shocker      | 5  | 3 - 2 | 7,280,480
550   | Hysteria         | 4  | 2 - 3 | 7,276,447
551   | X-Buster         | 7  | 3 - 2 | 7,272,549
552   | Skögul           | 6  | 2 - 3 | 7,261,592
553   | Chariot          | 13  | 3 - 2 | 7,251,349
554   | •ForeverHome•    | 12  | 2 - 3 | 7,244,625
555   | Lithium          | 5  | 2 - 3 | 7,241,357
556   | Glory            | 1  | 3 - 2 | 7,235,311
557   | Apricity         | 10  | 3 - 2 | 7,227,905
558   | Fairy            | 1  | 3 - 2 | 7,219,170
559   | Yamete_Kudasai!! | 8  | 3 - 2 | 7,218,659
560   | UNITERA          | 9  | 3 - 2 | 7,216,865
561   | Atellux          | 10  | 3 - 2 | 7,196,702
562   | BlackBox         | 4  | 2 - 3 | 7,192,656
563   | 4Fun             | 11  | 3 - 2 | 7,187,453
564   | Scriptor         | 4  | 3 - 2 | 7,184,895
565   | Arcarum          | 6  | 3 - 2 | 7,182,007
566   | Peerless         | 11  | 2 - 3 | 7,180,369
567   | YoRHa            | 5  | 3 - 2 | 7,177,951
568   | SinoPake         | 8  | 3 - 2 | 7,177,877
569   | OBDS             | 4  | 2 - 3 | 7,171,918
570   | Rihla            | 12  | 3 - 2 | 7,165,276
571   | Eleusis          | 7  | 2 - 3 | 7,162,641
572   | NW               | 8  | 2 - 3 | 7,161,656
573   | Avalon           | 10  | 2 - 3 | 7,160,159
574   | Niflheim         | 9  | 2 - 3 | 7,154,918
575   | Nyanpasu         | 6  | 3 - 2 | 7,149,107
576   | Eternity         | 6  | 2 - 3 | 7,145,971
577   | Ovan'$$Ble$$ing  | 13  | 2 - 3 | 7,141,668
578   | 모히또              | 12  | 3 - 2 | 7,139,108
579   | Re;Quest         | 8  | 3 - 2 | 7,126,634
580   | Penumbra         | 5  | 3 - 2 | 7,104,773
581   | Cthulhu          | 11  | 2 - 3 | 7,092,004
582   | 끓는무쇠솥            | 13  | 3 - 2 | 7,086,214
583   | aHRoYoRHa        | 9  | 2 - 3 | 7,063,617
584   | YoRHa            | 8  | 3 - 2 | 7,058,630
585   | YoRHa            | 4  | 3 - 2 | 7,024,324
586   | Ravana           | 3  | 3 - 2 | 7,015,369
587   | GachaElite       | 8  | 3 - 2 | 7,014,842
588   | Anxiety          | 11  | 3 - 2 | 7,004,267
589   | Chaldea          | 7  | 3 - 2 | 6,996,914
590   | Wonders          | 3  | 3 - 2 | 6,959,972
591   | Discord          | 4  | 3 - 2 | 6,958,936
592   | Oblivion         | 10  | 3 - 2 | 6,955,559
593   | YoRHa            | 9  | 3 - 2 | 6,951,885
594   | Valkyrie         | 8  | 3 - 2 | 6,951,200
595   | TheAvatars       | 5  | 3 - 2 | 6,943,726
596   | Manaos           | 9  | 3 - 2 | 6,938,742
597   | Twilight         | 4  | 2 - 3 | 6,923,048
598   | Sylaise          | 4  | 2 - 3 | 6,920,031
599   | D.InVivo         | 10  | 2 - 3 | 6,916,903
600   | Yubi             | 4  | 2 - 3 | 6,910,642
601   | Kaguya           | 8  | 3 - 2 | 6,910,578
602   | Navi             | 6  | 3 - 2 | 6,890,110
603   | España           | 5  | 3 - 2 | 6,878,300
604   | Seikatsu         | 6  | 2 - 3 | 6,869,425
605   | Blargh!          | 4  | 2 - 3 | 6,818,629
606   | Procella         | 6  | 3 - 2 | 6,817,519
607   | Alter            | 8  | 3 - 2 | 6,815,720
608   | Intoners         | 3  | 3 - 2 | 6,815,396
609   | Ram☆Ranch        | 4  | 2 - 3 | 6,806,734
610   | Dreamers         | 5  | 3 - 2 | 6,797,231
611   | TamagoClub       | 12  | 3 - 2 | 6,785,186
612   | S.E.E.S.         | 1  | 2 - 3 | 6,780,021
613   | Nordic           | 5  | 2 - 3 | 6,777,851
614   | Plague           | 1  | 3 - 2 | 6,761,484
615   | SpLAT            | 7  | 3 - 2 | 6,753,046
616   | REPL:EVER        | 13  | 2 - 3 | 6,739,860
617   | IndoSin          | 13  | 3 - 2 | 6,739,473
618   | Abyss            | 9  | 2 - 3 | 6,725,285
619   | 은하수의밤            | 11  | 3 - 2 | 6,724,639
620   | Fabales          | 8  | 2 - 3 | 6,705,660
621   | AVARITIA         | 11  | 3 - 2 | 6,704,466
622   | Sino/Fgo         | 8  | 3 - 2 | 6,703,296
623   | FGOSimps         | 9  | 2 - 3 | 6,697,596
624   | Kyushi           | 1  | 2 - 3 | 6,692,443
625   | Nocturne         | 7  | 3 - 2 | 6,684,189
626   | Fate             | 3  | 3 - 2 | 6,675,106
627   | Anasnas          | 5  | 3 - 2 | 6,670,635
628   | kokoron          | 9  | 2 - 3 | 6,669,440
629   | Beastars         | 3  | 3 - 2 | 6,666,294
630   | KAR              | 5  | 3 - 2 | 6,660,365
631   | Alchemia         | 11  | 3 - 2 | 6,654,537
632   | Mangifera†Indica | 5  | 2 - 3 | 6,654,185
633   | Forsaken         | 8  | 3 - 2 | 6,650,127
634   | 검은고양이            | 12  | 2 - 3 | 6,647,846
635   | 쿠로가미             | 13  | 2 - 3 | 6,647,699
636   | Nekoship         | 13  | 3 - 2 | 6,640,531
637   | Moonlight        | 3  | 3 - 2 | 6,639,497
638   | eggheads         | 10  | 2 - 3 | 6,638,134
639   | Waifus♡          | 4  | 3 - 2 | 6,609,779
640   | ChilePog         | 6  | 3 - 2 | 6,602,452
641   | Facade           | 7  | 3 - 2 | 6,600,965
642   | Dantalion        | 1  | 3 - 2 | 6,578,579
643   | StarryNight      | 13  | 3 - 2 | 6,570,259
644   | Grimoire         | 4  | 2 - 3 | 6,565,267
645   | PizzaTime        | 9  | 3 - 2 | 6,554,070
646   |                  | 11  | 3 - 2 | 6,552,785
647   | FaE              | 1  | 2 - 3 | 6,547,526
648   | NTHRWRLD         | 3  | 3 - 2 | 6,539,919
649   | Rikone           | 6  | 2 - 3 | 6,534,545
650   | WeebsIn          | 9  | 3 - 2 | 6,530,203
651   | GLUTTONY         | 4  | 3 - 2 | 6,520,504
652   | MidnightSnacks   | 4  | 3 - 2 | 6,507,397
653   | KoNoKEKsuAL      | 12  | 4 - 1 | 6,505,938
654   | Moon             | 3  | 3 - 2 | 6,505,170
655   | ChaldeaS         | 3  | 2 - 3 | 6,501,652
656   | Heim             | 6  | 2 - 3 | 6,499,312
657   | Hoshi            | 13  | 3 - 2 | 6,499,136
658   | MicTLaN          | 7  | 3 - 2 | 6,487,036
659   | TheBunker        | 9  | 2 - 3 | 6,476,934
660   | RainyDay         | 13  | 3 - 2 | 6,475,599
661   | .izakaya         | 8  | 2 - 3 | 6,470,280
662   | 바나나우유            | 13  | 2 - 3 | 6,467,236
663   | FairyLaw         | 5  | 3 - 2 | 6,447,242
664   | AllStars         | 4  | 3 - 2 | 6,444,579
665   | MiGraine         | 13  | 2 - 3 | 6,432,012
666   | 『StrangelyBad』   | 8  | 3 - 2 | 6,423,558
667   | Crimson•Lynxes   | 6  | 3 - 2 | 6,421,248
668   | Ultimate☆Despair | 8  | 3 - 2 | 6,411,067
669   | FutaGirls        | 2  | 3 - 2 | 6,401,991
670   | RedHood          | 4  | 2 - 3 | 6,394,496
671   | Fabled           | 5  | 3 - 2 | 6,391,366
672   | Shangri-La       | 8  | 2 - 3 | 6,388,994
673   | Applepie         | 12  | 3 - 2 | 6,373,028
674   | Kaguya#1         | 9  | 2 - 3 | 6,367,194
675   | Log~Horizon      | 8  | 3 - 2 | 6,359,732
676   | SHIRI            | 1  | 3 - 2 | 6,354,481
677   | NOPE-GO-AWAY     | 13  | 3 - 2 | 6,344,188
678   | Sanctify         | 7  | 2 - 3 | 6,342,986
679   | Nazarick         | 6  | 3 - 2 | 6,337,287
680   | NeoGachastê      | 7  | 2 - 3 | 6,332,913
681   | Demi-Fiends      | 7  | 2 - 3 | 6,321,364
682   | TheRealChaldea   | 9  | 3 - 2 | 6,317,000
683   | TheNiers         | 5  | 3 - 2 | 6,309,292
684   | Mantap           | 12  | 3 - 2 | 6,307,544
685   | PunPun's         | 5  | 3 - 2 | 6,302,152
686   | Morisión         | 9  | 3 - 2 | 6,296,734
687   | Sky              | 4  | 3 - 2 | 6,296,581
688   | Lemonade         | 8  | 3 - 2 | 6,290,677
689   | SINoMAKE         | 11  | 2 - 3 | 6,288,693
690   | CrazyPooh        | 10  | 3 - 2 | 6,284,294
691   | LammyOnlyFans    | 9  | 3 - 2 | 6,258,470
692   | Einherjar        | 5  | 2 - 3 | 6,242,828
693   | Crux             | 4  | 3 - 2 | 6,233,097
694   | WildCard         | 5  | 2 - 3 | 6,230,468
695   | YoRHa            | 10  | 3 - 2 | 6,227,369
696   | Yonah            | 7  | 3 - 2 | 6,222,601
697   | 아스트리아            | 12  | 2 - 3 | 6,217,091
698   | Wadjet           | 6  | 3 - 2 | 6,216,572
699   | Kupo             | 6  | 2 - 3 | 6,211,795
700   | /nopan/          | 8  | 3 - 2 | 6,211,619
701   | FemBoys          | 2  | 3 - 2 | 6,207,796
702   | Simylac          | 4  | 3 - 2 | 6,206,176
703   | EXcalibur        | 5  | 2 - 3 | 6,202,924
704   | Thirteen         | 10  | 2 - 3 | 6,202,671
705   | Papeefs          | 8  | 2 - 3 | 6,192,387
706   | CobrasEnPijama   | 7  | 2 - 3 | 6,186,953
707   | NOAH             | 11  | 2 - 3 | 6,178,739
708   | HIAGAINRYVURU    | 13  | 2 - 3 | 6,153,738
709   | Longinus         | 12  | 3 - 2 | 6,146,636
710   | Neko             | 9  | 3 - 2 | 6,146,135
711   | Revenants        | 11  | 3 - 2 | 6,136,565
712   | Adagyum          | 7  | 2 - 3 | 6,133,957
713   | ExileAngels      | 8  | 3 - 2 | 6,133,724
714   | ☬Zeitgeist☬      | 9  | 2 - 3 | 6,126,798
715   | 휴식의정원            | 11  | 2 - 3 | 6,118,007
716   | Nimbus           | 5  | 3 - 2 | 6,100,079
717   | TheFellowship    | 5  | 4 - 1 | 6,096,367
718   | Dingusi          | 3  | 3 - 2 | 6,094,042
719   | Miracles         | 7  | 2 - 3 | 6,085,562
720   | Midnight         | 7  | 3 - 2 | 6,083,683
721   | Arcana           | 12  | 3 - 2 | 6,078,445
722   | CultOfLammy      | 12  | 3 - 2 | 6,065,026
723   | DeathBy7         | 3  | 2 - 3 | 6,064,004
724   | Mizarikurabu     | 3  | 2 - 3 | 6,053,031
725   | Eunoia           | 10  | 2 - 3 | 6,040,832
726   | Lunar            | 1  | 3 - 2 | 6,035,863
727   | Kurobara         | 9  | 2 - 3 | 6,033,641
728   | Umbra            | 5  | 3 - 2 | 6,027,045
729   | Phets            | 1  | 2 - 3 | 6,021,556
730   | 종합병원             | 12  | 2 - 3 | 6,007,225
731   | FGO              | 6  | 3 - 2 | 6,005,063
732   | Lunamary         | 3  | 2 - 3 | 5,992,190
733   | Kukki            | 5  | 3 - 2 | 5,983,990
734   | 펭귄로지스틱스          | 12  | 2 - 3 | 5,978,298
735   | RIDENAYA         | 4  | 3 - 2 | 5,967,098
736   | Tranquil         | 13  | 3 - 2 | 5,964,944
737   | KurUsagi         | 3  | 3 - 2 | 5,962,455
738   | анитайп          | 3  | 2 - 3 | 5,961,603
739   | DarkVoid         | 13  | 3 - 2 | 5,938,351
740   | LoVirgos         | 7  | 2 - 3 | 5,935,932
741   | Nectar           | 10  | 3 - 2 | 5,925,906
742   | AYAYA            | 12  | 3 - 2 | 5,924,744
743   | NASA             | 5  | 2 - 3 | 5,920,658
744   | Café             | 8  | 2 - 3 | 5,909,869
745   | Salt             | 8  | 2 - 3 | 5,906,327
746   | CRIMSON          | 9  | 3 - 2 | 5,899,068
747   | Scindo           | 6  | 3 - 2 | 5,890,198
748   | SoAmty           | 9  | 2 - 3 | 5,890,041
749   | SINoArc          | 13  | 3 - 2 | 5,887,982
750   | Jokers           | 12  | 2 - 3 | 5,887,563
751   | SkyL-YRH         | 8  | 2 - 3 | 5,866,767
752   | Salt&RNG         | 1  | 2 - 3 | 5,866,294
753   | Fateful          | 7  | 3 - 2 | 5,864,302
754   | AnkhMorpork      | 8  | 2 - 3 | 5,861,847
755   | Oblivion         | 4  | 2 - 3 | 5,852,565
756   | Tenebris         | 4  | 3 - 2 | 5,840,692
757   | BOATcord         | 9  | 3 - 2 | 5,839,348
758   | LunarTearSociety | 8  | 3 - 2 | 5,835,772
759   | Archana          | 12  | 2 - 3 | 5,826,236
760   | Ivalice          | 7  | 3 - 2 | 5,825,799
761   | Baneados         | 7  | 3 - 2 | 5,812,782
762   | Phantasmagoria   | 11  | 3 - 2 | 5,807,562
763   | Limbo            | 5  | 2 - 3 | 5,807,303
764   | Valkyries        | 5  | 3 - 2 | 5,792,434
765   | Avalon           | 3  | 2 - 3 | 5,790,228
766   | VanaFreya        | 3  | 2 - 3 | 5,789,287
767   | Nekopara         | 8  | 2 - 3 | 5,784,899
768   | /pantsu/         | 3  | 2 - 3 | 5,783,068
769   | UncleZack's      | 12  | 3 - 2 | 5,776,024
770   | Intoners         | 8  | 2 - 3 | 5,773,038
771   | Inkwell          | 9  | 3 - 2 | 5,760,434
772   | KuroNeko         | 13  | 3 - 2 | 5,760,083
773   | Fallacy          | 13  | 2 - 3 | 5,759,201
774   | aster            | 13  | 2 - 3 | 5,748,038
775   | Automata         | 10  | 2 - 3 | 5,742,091
776   | Xel'Naga         | 8  | 2 - 3 | 5,738,860
777   | NoLuck           | 3  | 2 - 3 | 5,737,818
778   | Gestalt          | 9  | 2 - 3 | 5,725,623
779   | pepegang         | 1  | 2 - 3 | 5,715,717
780   | Phantasmagoria   | 5  | 3 - 2 | 5,714,978
781   | Avernus          | 11  | 3 - 2 | 5,707,866
782   | Palantir         | 9  | 2 - 3 | 5,703,472
783   | AvgDClub         | 9  | 2 - 3 | 5,686,185
784   | NipponNext       | 10  | 2 - 3 | 5,684,468
785   | /alter/          | 5  | 2 - 3 | 5,665,112
786   | ~Lumina~         | 6  | 2 - 3 | 5,664,637
787   | BadMojo          | 3  | 3 - 2 | 5,658,667
788   | ╬MatureBearsメ    | 8  | 3 - 2 | 5,655,951
789   | Elite|Monkey     | 5  | 3 - 2 | 5,653,971
790   | Coup-D'état      | 3  | 2 - 3 | 5,641,798
791   | TGM              | 10  | 3 - 2 | 5,640,313
792   | YoRHa            | 7  | 2 - 3 | 5,623,511
793   | Skyhigh          | 10  | 3 - 2 | 5,621,999
794   | Cococabra        | 6  | 2 - 3 | 5,614,696
795   | Daydreamer       | 1  | 3 - 2 | 5,609,564
796   | Plebes5G         | 10  | 2 - 3 | 5,591,628
797   | Golden•Dawn      | 8  | 2 - 3 | 5,584,764
798   | ChumBuds         | 9  | 3 - 2 | 5,572,530
799   | Re:[W]rite       | 10  | 3 - 2 | 5,553,179
800   | CosmoCon         | 4  | 2 - 3 | 5,546,853
801   | Trapnest         | 5  | 2 - 3 | 5,545,249
802   | Foxhound         | 12  | 3 - 2 | 5,539,670
803   | [SPC]            | 6  | 2 - 3 | 5,536,297
804   | Decaídos         | 7  | 2 - 3 | 5,532,982
805   | Phoenix          | 6  | 2 - 3 | 5,530,540
806   | Vestalis         | 5  | 3 - 2 | 5,524,207
807   | Shadowbringers   | 9  | 2 - 3 | 5,519,343
808   | Wind             | 13  | 2 - 3 | 5,491,220
809   | Ezerien          | 11  | 2 - 3 | 5,478,869
810   | Moonlit          | 11  | 2 - 3 | 5,463,149
811   | Chaldea          | 3  | 2 - 3 | 5,461,242
812   | Gestalt          | 5  | 2 - 3 | 5,430,330
813   | Bacurau          | 7  | 2 - 3 | 5,421,473
814   | GudaGuda         | 7  | 2 - 3 | 5,411,805
815   | Therapy          | 5  | 3 - 2 | 5,407,820
816   | Ambition         | 2  | 3 - 2 | 5,397,468
817   | HYDRA            | 11  | 3 - 2 | 5,388,331
818   | Rebuild_3.0+1.0  | 9  | 2 - 3 | 5,364,219
819   | Astraea          | 4  | 3 - 2 | 5,359,361
820   | TeaParty         | 4  | 2 - 3 | 5,355,478
821   | Arcadia          | 12  | 2 - 3 | 5,348,109
822   | Rubies           | 12  | 2 - 3 | 5,346,270
823   | Flandore         | 12  | 2 - 3 | 5,342,999
824   | Oblivion         | 7  | 2 - 3 | 5,333,284
825   | Oppai            | 5  | 3 - 2 | 5,318,699
826   | Légion           | 5  | 2 - 3 | 5,312,761
827   | Sleepers         | 4  | 3 - 2 | 5,301,450
828   | NoLuck           | 6  | 3 - 2 | 5,272,966
829   | Quetzalcóatl     | 8  | 2 - 3 | 5,269,868
830   | TowerOfGod       | 4  | 3 - 2 | 5,267,831
831   | E-Girls          | 10  | 2 - 3 | 5,267,209
832   | Saucisse         | 5  | 2 - 3 | 5,256,537
833   | NotW             | 8  | 1 - 4 | 5,255,541
834   | Magikarp         | 9  | 2 - 3 | 5,245,781
835   | YoRHa            | 5  | 3 - 2 | 5,240,966
836   | Authors          | 7  | 2 - 3 | 5,229,206
837   | Faith            | 3  | 3 - 2 | 5,225,785
838   | SINNERS          | 9  | 3 - 2 | 5,213,371
839   | YoRHa            | 4  | 2 - 3 | 5,212,611
840   | Bloodlust        | 8  | 2 - 3 | 5,204,718
841   | Anime4Life       | 4  | 2 - 3 | 5,203,957
842   | 4Taro            | 4  | 2 - 3 | 5,196,003
843   | MajinGod         | 9  | 3 - 2 | 5,188,844
844   | Rebirth          | 6  | 2 - 3 | 5,188,518
845   | Yorozuya         | 1  | 3 - 2 | 5,186,682
846   | \Woska~Woska/    | 9  | 3 - 2 | 5,175,710
847   | CookieClub       | 8  | 3 - 2 | 5,168,369
848   | 쌀롱               | 11  | 3 - 2 | 5,167,109
849   | Zodiac           | 8  | 3 - 2 | 5,164,402
850   | ｕｗｕ♡ｔｏｗｎ         | 5  | 2 - 3 | 5,163,171
851   | 은밀한침대밑           | 12  | 3 - 2 | 5,162,729
852   | ValeofCrab       | 8  | 2 - 3 | 5,144,488
853   | P.o.c.           | 5  | 3 - 2 | 5,143,813
854   | LGOW             | 7  | 2 - 3 | 5,143,250
855   | Starlings        | 10  | 2 - 3 | 5,135,825
856   | Chilezuela       | 7  | 2 - 3 | 5,132,550
857   | Indo.Nesia       | 1  | 2 - 3 | 5,119,100
858   | Heaven           | 9  | 1 - 4 | 5,119,045
859   | 69Degrees        | 11  | 3 - 2 | 5,115,196
860   | Vermouth         | 4  | 2 - 3 | 5,108,085
861   | CHALDEA          | 13  | 2 - 3 | 5,106,279
862   | Baganzia         | 5  | 3 - 2 | 5,104,860
863   | LWSR             | 1  | 2 - 3 | 5,100,804
864   | Fearless         | 5  | 2 - 3 | 5,099,150
865   | Astra            | 4  | 2 - 3 | 5,073,806
866   | Aureus           | 10  | 2 - 3 | 5,072,980
867   | Eden             | 9  | 2 - 3 | 5,072,828
868   | Illigia          | 5  | 3 - 2 | 5,072,544
869   | Rutledge         | 1  | 2 - 3 | 5,056,429
870   | Altea            | 10  | 2 - 3 | 5,056,367
871   | Silver_Kinshi    | 6  | 3 - 2 | 5,054,374
872   | CatsEmpire       | 12  | 3 - 2 | 5,054,220
873   | 「XIII」           | 1  | 3 - 2 | 5,048,507
874   | Aiseiri          | 8  | 1 - 4 | 5,024,795
875   | Exyclid          | 12  | 2 - 3 | 5,019,017
876   | SINoPORE         | 13  | 2 - 3 | 5,015,541
877   | SonsOfAnarchy    | 8  | 2 - 3 | 5,002,487
878   | Argonaut         | 11  | 2 - 3 | 4,989,441
879   | Feywilds         | 7  | 2 - 3 | 4,984,377
880   | Svadesha         | 12  | 3 - 2 | 4,979,696
881   | ☬H̷E̷L̷D̷E̷N̷☬   | 10  | 2 - 3 | 4,973,541
882   | Madness          | 7  | 2 - 3 | 4,971,209
883   | 시린이날             | 11  | 3 - 2 | 4,959,902
884   | ADIX             | 13  | 1 - 4 | 4,954,921
885   | Nomlings         | 3  | 2 - 3 | 4,942,920
886   | Oath             | 5  | 2 - 3 | 4,941,626
887   | Potatoes         | 10  | 2 - 3 | 4,893,223
888   | FreshSuh-Lammy   | 4  | 3 - 2 | 4,891,897
889   | History          | 2  | 2 - 3 | 4,891,874
890   | Firebois         | 9  | 3 - 2 | 4,886,681
891   | Ayuyumis         | 9  | 3 - 2 | 4,880,565
892   | Elfrinia         | 12  | 2 - 3 | 4,876,479
893   | Wyld             | 13  | 2 - 3 | 4,873,316
894   | Ψ☆Nefilims☆Ψ     | 8  | 2 - 3 | 4,871,470
895   | Zephyr           | 5  | 2 - 3 | 4,857,148
896   | NieR             | 1  | 2 - 3 | 4,848,110
897   | Infernos         | 10  | 2 - 3 | 4,826,360
898   | Grimson          | 9  | 2 - 3 | 4,826,000
899   | Delirios         | 8  | 2 - 3 | 4,824,833
900   | Isocial          | 13  | 3 - 2 | 4,824,145
901   | Pathos           | 9  | 3 - 2 | 4,814,758
902   | Shinigami's      | 8  | 2 - 3 | 4,814,147
903   | Angel'sTear      | 7  | 1 - 4 | 4,808,934
904   | LunaNova         | 5  | 2 - 3 | 4,805,302
905   | Iluminate        | 9  | 2 - 3 | 4,792,585
906   | Æsir             | 10  | 2 - 3 | 4,784,632
907   | BlueStar         | 6  | 2 - 3 | 4,772,528
908   | Réplicas         | 5  | 1 - 4 | 4,766,563
909   | MiniDictadura    | 9  | 2 - 3 | 4,759,617
910   | Suikoden         | 5  | 2 - 3 | 4,757,502
911   | FInALICE         | 2  | 2 - 3 | 4,740,485
912   | Folklore         | 5  | 3 - 2 | 4,737,571
913   | Worries          | 5  | 1 - 4 | 4,731,031
914   | Juicy            | 4  | 2 - 3 | 4,719,072
915   | Intoners         | 4  | 3 - 2 | 4,717,010
916   | ASTEÂ            | 6  | 2 - 3 | 4,713,763
917   | Igallta          | 6  | 3 - 2 | 4,709,464
918   | Padorumu         | 10  | 3 - 2 | 4,695,659
919   | DarkGods@        | 10  | 3 - 2 | 4,693,764
920   | BanVaeN          | 13  | 2 - 3 | 4,676,504
921   | Camelot          | 12  | 3 - 2 | 4,665,616
922   | NoEsc            | 6  | 2 - 3 | 4,661,120
923   | Cronoire         | 1  | 2 - 3 | 4,659,523
924   | Pulveris         | 2  | 3 - 2 | 4,650,624
925   | Mensis           | 2  | 3 - 2 | 4,646,000
926   | GrimGrimoire[α]  | 13  | 2 - 3 | 4,633,010
927   | Mementos         | 13  | 2 - 3 | 4,618,470
928   | Oblivion         | 10  | 2 - 3 | 4,609,580
929   | Amaurot          | 3  | 2 - 3 | 4,608,361
930   | Neo-Axiom        | 11  | 2 - 3 | 4,597,273
931   | Sinners          | 13  | 3 - 2 | 4,590,002
932   | Walhalla         | 4  | 2 - 3 | 4,584,100
933   | Mishy~☆          | 7  | 2 - 3 | 4,582,059
934   | MasochistPhoenix | 4  | 2 - 3 | 4,576,214
935   | Fanelia          | 12  | 2 - 3 | 4,569,530
936   | 시붕유치원            | 12  | 2 - 3 | 4,566,160
937   | Elegiac          | 6  | 3 - 2 | 4,561,624
938   | LoveLive         | 3  | 3 - 2 | 4,560,665
939   | AXIS             | 11  | 2 - 3 | 4,549,318
940   | Fate             | 3  | 2 - 3 | 4,547,970
941   | エロすぎる            | 8  | 3 - 2 | 4,537,349
942   | Fidelis          | 5  | 2 - 3 | 4,537,111
943   | MayoVerse        | 9  | 2 - 3 | 4,533,087
944   | Dragon           | 1  | 3 - 2 | 4,527,468
945   | 수상한암살            | 13  | 2 - 3 | 4,520,552
946   | Waifu            | 10  | 2 - 3 | 4,518,756
947   | Mahjong          | 1  | 2 - 3 | 4,515,267
948   | YoRNyx           | 10  | 2 - 3 | 4,512,837
949   | BlueMoon         | 3  | 2 - 3 | 4,509,433
950   | loss.jpg         | 5  | 2 - 3 | 4,504,283
951   | TornTale         | 7  | 3 - 2 | 4,490,711
952   | Scarlet          | 13  | 2 - 3 | 4,490,691
953   | Rheita           | 11  | 2 - 3 | 4,489,128
954   | Automata         | 11  | 2 - 3 | 4,487,840
955   | Shuuba~          | 1  | 2 - 3 | 4,482,558
956   | Keyblade         | 6  | 2 - 3 | 4,469,567
957   | UwU              | 10  | 2 - 3 | 4,465,565
958   | Autores          | 8  | 2 - 3 | 4,464,881
959   | SkyPlus          | 8  | 2 - 3 | 4,461,605
960   | Märchen          | 7  | 3 - 2 | 4,460,676
961   | tutelage         | 2  | 2 - 3 | 4,454,485
962   | BIBLIOTHEQUE     | 12  | 3 - 2 | 4,443,725
963   | IV-RP            | 3  | 2 - 3 | 4,443,004
964   | PPNation         | 11  | 3 - 2 | 4,432,216
965   | Solaris          | 9  | 2 - 3 | 4,426,266
966   | Kingdom          | 9  | 2 - 3 | 4,425,259
967   | Ragnarök         | 5  | 1 - 4 | 4,419,351
968   | Arunafel         | 13  | 2 - 3 | 4,416,263
969   | Marchen          | 6  | 2 - 3 | 4,403,759
970   | Fallen           | 2  | 2 - 3 | 4,393,771
971   | Orchid           | 13  | 2 - 3 | 4,365,534
972   | Ashurã           | 13  | 2 - 3 | 4,358,734
973   | Publisher        | 12  | 2 - 3 | 4,351,539
974   | Darkborn         | 3  | 2 - 3 | 4,351,472
975   | BlueRain         | 9  | 1 - 4 | 4,337,247
976   | Mirage           | 8  | 2 - 3 | 4,334,899
977   | Potatoes         | 4  | 2 - 3 | 4,330,141
978   | Crows            | 9  | 2 - 3 | 4,328,321
979   | Halucyon         | 12  | 2 - 3 | 4,328,314
980   | SunBro           | 3  | 3 - 2 | 4,310,184
981   | Pandas           | 7  | 2 - 3 | 4,302,706
982   | Lolicon          | 5  | 2 - 3 | 4,292,582
983   | RadiantBunnies   | 9  | 2 - 3 | 4,283,200
984   | Moonlit⭐         | 4  | 2 - 3 | 4,281,129
985   | FeshFesh         | 10  | 1 - 4 | 4,279,082
986   | Brigandia        | 8  | 2 - 3 | 4,270,556
987   | Crown​           | 13  | 2 - 3 | 4,263,218
988   | Chaldea          | 5  | 1 - 4 | 4,263,137
989   | ส้มป่อย          | 1  | 2 - 3 | 4,263,055
990   | NoppaiGG         | 1  | 2 - 3 | 4,254,553
991   | Unknown          | 5  | 2 - 3 | 4,254,222
992   | Dreamers         | 7  | 2 - 3 | 4,250,976
993   | TheMancos        | 10  | 2 - 3 | 4,245,126
994   | Stérimar         | 4  | 3 - 2 | 4,239,385
995   | Revenant         | 5  | 2 - 3 | 4,231,748
996   | Slayer's         | 5  | 2 - 3 | 4,220,316
997   | Tragedia         | 8  | 2 - 3 | 4,211,201
998   | *SnowRedTears*   | 9  | 2 - 3 | 4,211,069
999   | Nacre            | 5  | 2 - 3 | 4,205,625
1000  | Chaldea          | 10  | 2 - 3 | 4,193,548
1001  | Amimir           | 6  | 2 - 3 | 4,191,310
1002  | BlueRose         | 4  | 2 - 3 | 4,189,014
1003  | Gkilling         | 13  | 2 - 3 | 4,166,420
1004  | Renacer          | 6  | 2 - 3 | 4,161,587
1005  | %=^✓÷×=][*)      | 7  | 2 - 3 | 4,155,775
1006  | (^¶ω¶^✿)stic     | 8  | 2 - 3 | 4,154,709
1007  | GvZ              | 11  | 2 - 3 | 4,148,978
1008  | NieR             | 12  | 2 - 3 | 4,146,533
1009  | Passione         | 11  | 2 - 3 | 4,142,030
1010  | Rubrum           | 8  | 3 - 2 | 4,132,146
1011  | Zenith           | 10  | 3 - 2 | 4,115,890
1012  | Reverie          | 11  | 2 - 3 | 4,104,933
1013  | MassDestruction  | 12  | 2 - 3 | 4,095,966
1014  | Mewtaku          | 1  | 2 - 3 | 4,082,959
1015  | Bananas!         | 12  | 2 - 3 | 4,064,704
1016  | AdreNALine       | 6  | 2 - 3 | 4,059,924
1017  | YoRHa            | 3  | 2 - 3 | 4,059,816
1018  | ALICE            | 4  | 2 - 3 | 4,046,666
1019  | Nero=Vuoto       | 3  | 3 - 2 | 4,030,770
1020  | plitor           | 4  | 2 - 3 | 4,018,585
1021  | Saikyou~         | 12  | 2 - 3 | 4,017,503
1022  | BLACKPAGE        | 1  | 2 - 3 | 4,008,435
1023  | Bouken           | 6  | 2 - 3 | 4,004,569
1024  | CerealKillerClub | 4  | 1 - 4 | 3,997,259
1025  | Nameless         | 11  | 2 - 3 | 3,979,542
1026  | Babel            | 5  | 2 - 3 | 3,979,472
1027  | NobleGuard       | 11  | 2 - 3 | 3,977,525
1028  | CruzRoja         | 9  | 2 - 3 | 3,965,866
1029  | Elysian          | 12  | 2 - 3 | 3,963,296
1030  | Bloodlust        | 1  | 2 - 3 | 3,962,964
1031  | Dragoonn         | 4  | 2 - 3 | 3,957,629
1032  | YoRHa            | 8  | 2 - 3 | 3,946,311
1033  | Squard           | 7  | 2 - 3 | 3,930,516
1034  | Lux-Moon         | 10  | 2 - 3 | 3,916,952
1035  | ＵｗＵ_Ｌａｎｄギルド      | 9  | 1 - 4 | 3,910,720
1036  | MoonFall         | 10  | 2 - 3 | 3,908,552
1037  | Celestia         | 3  | 2 - 3 | 3,894,115
1038  | 루인바르             | 12  | 2 - 3 | 3,893,690
1039  | Kaminari         | 11  | 2 - 3 | 3,872,360
1040  | Dust             | 11  | 2 - 3 | 3,870,771
1041  | Neptunia         | 3  | 3 - 2 | 3,862,597
1042  | Trident          | 12  | 2 - 3 | 3,859,325
1043  | Lameroz          | 13  | 2 - 3 | 3,845,010
1044  | Sınners          | 11  | 1 - 4 | 3,831,278
1045  | Seafoam          | 4  | 2 - 3 | 3,827,209
1046  | PureOnes         | 3  | 3 - 2 | 3,826,034
1047  | Midgard          | 5  | 2 - 3 | 3,814,297
1048  | Nazarick         | 10  | 2 - 3 | 3,787,979
1049  | TROLLoALICE      | 6  | 2 - 3 | 3,786,263
1050  | WatameKoujou◉ᴥ◉  | 10  | 1 - 4 | 3,782,401
1051  | Yakuza           | 5  | 2 - 3 | 3,770,894
1052  | Teardrop         | 1  | 1 - 4 | 3,768,335
1053  | JuiceBox         | 8  | 2 - 3 | 3,754,022
1054  | CrimsonRose      | 8  | 2 - 3 | 3,749,569
1055  | WaifLove         | 3  | 2 - 3 | 3,744,910
1056  | Omniacs          | 7  | 2 - 3 | 3,738,880
1057  | Grimm            | 5  | 2 - 3 | 3,738,598
1058  | GáeBulg          | 9  | 2 - 3 | 3,734,753
1059  | UɴᴛɪʟDᴀᴡɴ        | 8  | 3 - 2 | 3,732,590
1060  | Hylia            | 8  | 2 - 3 | 3,724,171
1061  | Myrmidon         | 6  | 2 - 3 | 3,723,522
1062  | Dystopia         | 5  | 2 - 3 | 3,712,819
1063  | Redempt          | 6  | 2 - 3 | 3,709,810
1064  | Eternity         | 3  | 2 - 3 | 3,708,356
1065  | Bleach           | 1  | 2 - 3 | 3,706,319
1066  | Hysteria         | 4  | 2 - 3 | 3,699,875
1067  | UltraSomnia      | 9  | 2 - 3 | 3,698,039
1068  | DreamKoi         | 7  | 2 - 3 | 3,676,937
1069  | Tsumi_no_bara    | 10  | 2 - 3 | 3,652,954
1070  | FringePhatoms    | 8  | 2 - 3 | 3,652,435
1071  | GrimGrimoire[β]  | 13  | 3 - 2 | 3,635,014
1072  | Cynical          | 10  | 2 - 3 | 3,630,557
1073  | Nier             | 13  | 2 - 3 | 3,607,819
1074  | Lunaria          | 4  | 2 - 3 | 3,606,993
1075  | Artemis          | 9  | 2 - 3 | 3,604,384
1076  | Dito's           | 9  | 2 - 3 | 3,594,547
1077  | EMILIA           | 1  | 3 - 2 | 3,589,088
1078  | EclataxX         | 4  | 1 - 4 | 3,571,052
1079  | Nekomata         | 9  | 3 - 2 | 3,569,942
1080  | Reincarnation    | 7  | 2 - 3 | 3,567,635
1081  | TacoWea          | 7  | 2 - 3 | 3,554,743
1082  | 콜로세움하자           | 13  | 1 - 4 | 3,551,503
1083  | ItWasMe,DIO!     | 7  | 2 - 3 | 3,533,188
1084  | YumeNoKoe        | 5  | 1 - 4 | 3,528,310
1085  | ChaosLg          | 7  | 2 - 3 | 3,527,353
1086  | Umbra            | 9  | 2 - 3 | 3,526,352
1087  | ~Rankers~        | 6  | 2 - 3 | 3,525,302
1088  | Rice             | 4  | 2 - 3 | 3,521,942
1089  | YoRHa            | 8  | 2 - 3 | 3,521,238
1090  | TitsAhoy         | 7  | 3 - 2 | 3,516,559
1091  | SINoFACE         | 3  | 2 - 3 | 3,499,536
1092  | Database         | 8  | 2 - 3 | 3,488,167
1093  | Paranoia         | 11  | 2 - 3 | 3,443,413
1094  | 火の味              | 12  | 3 - 2 | 3,442,394
1095  | SINoFAMS         | 8  | 2 - 3 | 3,440,230
1096  | floyd            | 7  | 3 - 2 | 3,437,359
1097  | DayDream         | 4  | 2 - 3 | 3,434,743
1098  | Valhalla         | 5  | 2 - 3 | 3,423,761
1099  | 천하태평             | 12  | 3 - 2 | 3,416,100
1100  | 언더월드단            | 1  | 2 - 3 | 3,399,429
1101  | ルシナ              | 3  | 3 - 2 | 3,396,384
1102  | EmilClones       | 10  | 2 - 3 | 3,370,130
1103  | CoM              | 8  | 2 - 3 | 3,364,312
1104  | DaiDark          | 2  | 2 - 3 | 3,361,625
1105  | 쟤보단내가낫지          | 12  | 1 - 4 | 3,331,451
1106  | EmilShop         | 6  | 2 - 3 | 3,323,289
1107  | Омут             | 1  | 2 - 3 | 3,315,192
1108  | SaPE             | 5  | 2 - 3 | 3,308,806
1109  | LSG              | 10  | 2 - 3 | 3,307,542
1110  | SoulWar          | 5  | 2 - 3 | 3,304,292
1111  | Anon             | 12  | 2 - 3 | 3,296,753
1112  | SlAckers         | 3  | 3 - 2 | 3,293,237
1113  | Arcadia          | 11  | 1 - 4 | 3,267,295
1114  | Exodus           | 12  | 2 - 3 | 3,261,607
1115  | F2P_Mini         | 2  | 2 - 3 | 3,259,011
1116  | 연인               | 13  | 2 - 3 | 3,251,257
1117  | RaviGang         | 9  | 2 - 3 | 3,249,452
1118  | Alfamart         | 13  | 2 - 3 | 3,247,631
1119  | Stacia‘s•Gnade   | 4  | 2 - 3 | 3,204,661
1120  | Memoire          | 1  | 2 - 3 | 3,190,943
1121  | Étude            | 9  | 2 - 3 | 3,186,857
1122  | Kutubuku         | 12  | 2 - 3 | 3,183,247
1123  | Hypnotic         | 12  | 2 - 3 | 3,180,818
1124  | Valhöll          | 5  | 2 - 3 | 3,158,398
1125  | OwO              | 8  | 2 - 3 | 3,157,118
1126  | Wonderland       | 4  | 2 - 3 | 3,151,995
1127  | animeirl         | 6  | 3 - 2 | 3,136,351
1128  | Somnia           | 9  | 2 - 3 | 3,136,234
1129  | Va11-Hall-A      | 10  | 2 - 3 | 3,134,339
1130  | Heartの月          | 9  | 2 - 3 | 3,132,013
1131  | Reformed         | 11  | 2 - 3 | 3,127,826
1132  | Dark_Knights     | 4  | 2 - 3 | 3,117,444
1133  | Magius           | 8  | 2 - 3 | 3,115,175
1134  | ☆Waifus☆         | 13  | 2 - 3 | 3,106,285
1135  | Lollipop         | 8  | 2 - 3 | 3,100,444
1136  | [LIBRARY(｡•̀ᴗ-)] | 9  | 2 - 3 | 3,088,571
1137  | LunarTea         | 10  | 2 - 3 | 3,082,835
1138  | Nazarick         | 6  | 2 - 3 | 3,080,102
1139  | KHAMJA           | 6  | 2 - 3 | 3,074,396
1140  | IronMaids        | 9  | 2 - 3 | 3,058,582
1141  | L4L              | 7  | 2 - 3 | 3,054,087
1142  | 블랙말랑카우           | 11  | 2 - 3 | 3,052,214
1143  | Wayfarer         | 10  | 1 - 4 | 3,046,320
1144  | Solis            | 5  | 3 - 2 | 3,043,452
1145  | FauxAmis         | 4  | 2 - 3 | 3,020,229
1146  | Catharsis        | 5  | 3 - 2 | 3,017,678
1147  | [~Wicked~]       | 8  | 2 - 3 | 3,014,926
1148  | SaccharineSweets | 3  | 2 - 3 | 3,012,865
1149  | soon™            | 1  | 2 - 3 | 2,990,108
1150  | Lovely           | 7  | 2 - 3 | 2,985,475
1151  | METANoIA         | 12  | 2 - 3 | 2,975,965
1152  | Hollow           | 10  | 2 - 3 | 2,940,290
1153  | WitzEnd          | 7  | 1 - 4 | 2,931,602
1154  | Grimgar          | 3  | 2 - 3 | 2,925,953
1155  | Stellae          | 6  | 2 - 3 | 2,925,067
1156  | Eros             | 2  | 2 - 3 | 2,922,752
1157  | Outlanders       | 5  | 2 - 3 | 2,922,178
1158  | Jellicle         | 7  | 2 - 3 | 2,914,188
1159  | Nemocus          | 9  | 2 - 3 | 2,913,080
1160  | DarkStar         | 6  | 2 - 3 | 2,912,187
1161  | ^^)人(^^          | 12  | 2 - 3 | 2,911,596
1162  | NieSect          | 10  | 2 - 3 | 2,907,366
1163  | Somnus           | 8  | 2 - 3 | 2,902,259
1164  | Raven's          | 4  | 2 - 3 | 2,890,760
1165  | Epitaph•         | 5  | 2 - 3 | 2,889,193
1166  | Skario           | 5  | 2 - 3 | 2,884,091
1167  | 셀레스티얼            | 12  | 2 - 3 | 2,869,822
1168  | Penguin          | 2  | 2 - 3 | 2,867,087
1169  | SINoMEX          | 8  | 2 - 3 | 2,855,786
1170  | TheCrew          | 5  | 2 - 3 | 2,847,232
1171  | Kukulkan         | 7  | 1 - 4 | 2,839,413
1172  | Fenrir           | 6  | 2 - 3 | 2,829,694
1173  | SINOPOTO         | 2  | 2 - 3 | 2,815,002
1174  | TeaParty         | 5  | 2 - 3 | 2,805,435
1175  | Mochi            | 8  | 2 - 3 | 2,802,582
1176  | Re:Fluff✿        | 6  | 2 - 3 | 2,797,350
1177  | Reveries         | 5  | 2 - 3 | 2,790,652
1178  | Yormn's          | 8  | 2 - 3 | 2,769,321
1179  | NieR             | 3  | 2 - 3 | 2,766,559
1180  | Prinny_Brigade   | 13  | 2 - 3 | 2,758,135
1181  | RedRose          | 1  | 2 - 3 | 2,741,168
1182  | Toast            | 11  | 2 - 3 | 2,735,193
1183  | Lesouper         | 4  | 2 - 3 | 2,733,639
1184  | E7ernalShadow    | 6  | 2 - 3 | 2,731,039
1185  | Grimoire         | 6  | 2 - 3 | 2,729,147
1186  | Colours          | 13  | 2 - 3 | 2,716,534
1187  | Platinum         | 8  | 2 - 3 | 2,703,638
1188  | Insanity         | 13  | 2 - 3 | 2,695,211
1189  | MopTales         | 5  | 2 - 3 | 2,684,025
1190  | NullSection      | 9  | 2 - 3 | 2,667,312
1191  | DuoQBugs         | 10  | 1 - 4 | 2,666,913
1192  | indémnis         | 12  | 1 - 4 | 2,663,973
1193  | ΣΟΑ              | 4  | 2 - 3 | 2,651,771
1194  | Insomnia         | 10  | 1 - 4 | 2,645,401
1195  | gaydoris         | 3  | 2 - 3 | 2,637,630
1196  | EvilDoer         | 11  | 2 - 3 | 2,633,193
1197  | DragonStar       | 13  | 1 - 4 | 2,620,349
1198  | NEWLIBRA         | 9  | 2 - 3 | 2,620,038
1199  | DragVanish       | 5  | 2 - 3 | 2,606,749
1200  | Casuals          | 6  | 2 - 3 | 2,604,260
1201  | Aesir            | 6  | 2 - 3 | 2,596,623
1202  | 얼음꽃              | 11  | 2 - 3 | 2,589,059
1203  | Asphyxia         | 13  | 1 - 4 | 2,583,799
1204  | BluBirds         | 9  | 2 - 3 | 2,574,524
1205  | LapinSot         | 3  | 3 - 2 | 2,559,084
1206  | Eiscremerausch   | 3  | 2 - 3 | 2,543,215
1207  | Arcanum          | 13  | 1 - 4 | 2,541,466
1208  | SharkNTS         | 5  | 2 - 3 | 2,533,865
1209  | Desparia         | 9  | 2 - 3 | 2,529,155
1210  | SlowLife         | 12  | 2 - 3 | 2,528,795
1211  | Try              | 12  | 1 - 4 | 2,524,066
1212  | Watchers         | 5  | 2 - 3 | 2,520,247
1213  | Divas            | 5  | 2 - 3 | 2,498,749
1214  | NoTales          | 12  | 2 - 3 | 2,485,028
1215  | KoS              | 8  | 1 - 4 | 2,484,933
1216  | AiWS             | 4  | 2 - 3 | 2,475,698
1217  | CelestialDemons  | 1  | 2 - 3 | 2,461,311
1218  | SkyIndo          | 13  | 2 - 3 | 2,457,707
1219  | Tiamat           | 2  | 2 - 3 | 2,452,568
1220  | YoRHa            | 3  | 2 - 3 | 2,452,154
1221  | Fliedam          | 4  | 2 - 3 | 2,445,384
1222  | Eidrheim         | 6  | 2 - 3 | 2,439,443
1223  | OrgXIII          | 3  | 2 - 3 | 2,430,032
1224  | Royal            | 7  | 2 - 3 | 2,423,118
1225  | MarbleBlue       | 7  | 2 - 3 | 2,420,396
1226  | TYBG             | 7  | 2 - 3 | 2,411,403
1227  | 7SinCult         | 8  | 1 - 4 | 2,407,048
1228  | 탐욕의장             | 12  | 2 - 3 | 2,370,821
1229  | 폭발은예술이다          | 12  | 2 - 3 | 2,369,305
1230  | DungeonNap       | 10  | 2 - 3 | 2,356,138
1231  | Automata         | 8  | 2 - 3 | 2,348,705
1232  | SINoPuppets.Arc  | 12  | 2 - 3 | 2,333,142
1233  | Trishula         | 8  | 2 - 3 | 2,322,258
1234  | 커피앤도넛            | 11  | 2 - 3 | 2,319,686
1235  | Star-Alliance    | 5  | 2 - 3 | 2,315,693
1236  | Slackers         | 2  | 2 - 3 | 2,306,908
1237  | Yomi             | 1  | 1 - 4 | 2,305,901
1238  | Cosmos           | 9  | 1 - 4 | 2,294,437
1239  | Shining          | 3  | 3 - 2 | 2,292,577
1240  | Pandora          | 4  | 2 - 3 | 2,291,556
1241  | Pandora          | 9  | 2 - 3 | 2,285,689
1242  | Narrators        | 1  | 2 - 3 | 2,284,022
1243  | Oniriums         | 6  | 2 - 3 | 2,282,305
1244  | Сплюшки          | 3  | 2 - 3 | 2,271,995
1245  | Arbiters         | 3  | 2 - 3 | 2,261,952
1246  | Neptune’sDevout  | 8  | 2 - 3 | 2,257,046
1247  | D.M.C            | 13  | 2 - 3 | 2,251,606
1248  | Endless          | 10  | 1 - 4 | 2,245,179
1249  | BlueDrag         | 4  | 2 - 3 | 2,234,828
1250  | SINergia         | 13  | 1 - 4 | 2,225,726
1251  | Azurite          | 9  | 2 - 3 | 2,225,038
1252  | Arknight         | 1  | 1 - 4 | 2,224,549
1253  | LlewxaM          | 7  | 2 - 3 | 2,217,821
1254  | DemonSoul's      | 8  | 2 - 3 | 2,210,097
1255  | Fallens          | 5  | 2 - 3 | 2,203,585
1256  | Avalon           | 6  | 2 - 3 | 2,185,723
1257  | Flemme           | 5  | 2 - 3 | 2,174,267
1258  | Rebirth          | 10  | 2 - 3 | 2,171,856
1259  | LOFM             | 6  | 2 - 3 | 2,159,214
1260  | DaLads           | 4  | 2 - 3 | 2,146,384
1261  | SINrne           | 5  | 2 - 3 | 2,141,079
1262  | Eorzea           | 7  | 2 - 3 | 2,140,615
1263  | Yurei            | 10  | 2 - 3 | 2,138,085
1264  | Orders           | 3  | 2 - 3 | 2,134,316
1265  | CrimsonFlames    | 1  | 1 - 4 | 2,132,699
1266  | DosaElis         | 12  | 2 - 3 | 2,131,769
1267  | Seraphic_Chaos   | 4  | 1 - 4 | 2,125,846
1268  | Ahjin            | 10  | 2 - 3 | 2,118,353
1269  | Seiyuu           | 12  | 1 - 4 | 2,092,147
1270  | Slackers         | 4  | 1 - 4 | 2,091,650
1271  | Betelgeuse       | 5  | 2 - 3 | 2,081,444
1272  | Replicants       | 8  | 1 - 4 | 2,076,724
1273  | Valhalla         | 11  | 1 - 4 | 2,066,580
1274  | Punny            | 9  | 1 - 4 | 2,046,287
1275  | MementoMori      | 6  | 2 - 3 | 2,039,316
1276  | EcchiLand        | 13  | 2 - 3 | 2,020,212
1277  | Luminalis        | 11  | 1 - 4 | 1,989,504
1278  | All-Icers        | 5  | 2 - 3 | 1,981,600
1279  | Hyrule           | 7  | 2 - 3 | 1,979,323
1280  | Ragnarok         | 8  | 1 - 4 | 1,978,222
1281  | Oops             | 5  | 2 - 3 | 1,976,262
1282  | TectonesGuild    | 10  | 2 - 3 | 1,976,127
1283  | Ardent           | 4  | 2 - 3 | 1,965,182
1284  | RosaChinensis    | 7  | 1 - 4 | 1,947,569
1285  | Tsunderes        | 10  | 1 - 4 | 1,947,158
1286  | Talisman         | 3  | 2 - 3 | 1,932,284
1287  | Closet           | 9  | 1 - 4 | 1,924,353
1288  | Insanity         | 3  | 2 - 3 | 1,911,619
1289  | -YoRHa-          | 9  | 1 - 4 | 1,909,803
1290  | Gaymers          | 4  | 2 - 3 | 1,882,136
1291  | Tato             | 7  | 1 - 4 | 1,865,788
1292  | Adam             | 5  | 2 - 3 | 1,829,292
1293  | Arendelle        | 6  | 1 - 4 | 1,809,406
1294  | Arcadia          | 3  | 2 - 3 | 1,805,688
1295  | 컴파스              | 12  | 1 - 4 | 1,787,837
1296  | Leagu3ofNON3     | 4  | 2 - 3 | 1,787,062
1297  | Nacht            | 12  | 1 - 4 | 1,777,636
1298  | Puppets          | 3  | 1 - 4 | 1,765,896
1299  | SINful           | 13  | 1 - 4 | 1,751,951
1300  | KupoClub         | 11  | 2 - 3 | 1,739,922
1301  | MrWolf.Co        | 6  | 2 - 3 | 1,723,392
1302  | Chesire          | 8  | 1 - 4 | 1,645,548
1303  | NieR             | 5  | 2 - 3 | 1,644,365
1304  | YoRHa:1.2247448  | 4  | 1 - 4 | 1,640,366
1305  | Amaïaa           | 3  | 2 - 3 | 1,638,586
1306  | Choco            | 8  | 1 - 4 | 1,613,210
1307  | Nihilium         | 4  | 1 - 4 | 1,609,559
1308  | AROOOGA          | 4  | 1 - 4 | 1,596,549
1309  | Bunbuns          | 8  | 1 - 4 | 1,586,021
1310  | Ye               | 5  | 2 - 3 | 1,584,956
1311  | DailyDrivers     | 6  | 2 - 3 | 1,566,692
1312  | Druffis          | 5  | 1 - 4 | 1,560,965
1313  | Hellothr         | 6  | 1 - 4 | 1,558,726
1314  | Hades            | 5  | 1 - 4 | 1,543,692
1315  | Zetsubou         | 5  | 2 - 3 | 1,515,493
1316  | Illusive         | 1  | 1 - 4 | 1,509,309
1317  | CAHP             | 11  | 1 - 4 | 1,502,509
1318  | HOTLOADS         | 1  | 1 - 4 | 1,493,254
1319  | Mylar            | 5  | 1 - 4 | 1,459,444
1320  | 잔혹동화             | 9  | 1 - 4 | 1,453,527
1321  | Nod              | 10  | 1 - 4 | 1,405,485
1322  | PrincesDestroyer | 7  | 1 - 4 | 1,396,840
1323  | NewDawn          | 3  | 2 - 3 | 1,385,037
1324  | Altria           | 3  | 2 - 3 | 1,358,741
1325  | Ebila            | 9  | 1 - 4 | 1,353,089
1326  | Tokugawa's       | 6  | 1 - 4 | 1,345,263
1327  | ¿ApplE?          | 13  | 1 - 4 | 1,336,409
1328  | ClstGato         | 6  | 1 - 4 | 1,325,168
1329  | Euthalia         | 8  | 1 - 4 | 1,322,935
1330  | Dankness         | 5  | 1 - 4 | 1,321,517
1331  | PlayCat          | 13  | 1 - 4 | 1,319,390
1332  | Cheshire         | 7  | 1 - 4 | 1,315,896
1333  | WaifuCollectors  | 3  | 2 - 3 | 1,312,295
1334  | Kugane           | 12  | 1 - 4 | 1,283,274
1335  | Saintles         | 6  | 1 - 4 | 1,280,656
1336  | Vanguard         | 9  | 1 - 4 | 1,280,275
1337  | Spark            | 5  | 1 - 4 | 1,276,964
1338  | ☆707☆            | 2  | 1 - 4 | 1,276,811
1339  | Bakarina         | 3  | 1 - 4 | 1,240,962
1340  | Liddell          | 12  | 1 - 4 | 1,212,264
1341  | Penumbra         | 1  | 1 - 4 | 1,208,905
1342  | Grimm            | 10  | 1 - 4 | 1,200,344
1343  | SoS              | 5  | 1 - 4 | 1,200,078
1344  | 밥심               | 11  | 1 - 4 | 1,192,073
1345  | Vanzyrk          | 9  | 0 - 5 | 1,188,015
1346  | Arata            | 7  | 1 - 4 | 1,146,405
1347  | Pusheen          | 8  | 1 - 4 | 1,084,173
1348  | bigbeefy         | 3  | 1 - 4 | 1,082,426
1349  | Thanatos         | 9  | 1 - 4 | 1,081,616
1350  | Wndrlnd          | 5  | 1 - 4 | 1,064,689
1351  | Pandemonium      | 4  | 1 - 4 | 1,048,070
1352  | Agartha          | 12  | 1 - 4 | 1,045,244
1353  | Symphogear!!     | 5  | 1 - 4 | 1,012,736
1354  | JuraTempest      | 9  | 2 - 3 | 1,005,724
1355  | 잔혹동화출판사          | 11  | 1 - 4 | 977,242
1356  | ImaSleep         | 9  | 1 - 4 | 943,726
1357  | SHADOW           | 5  | 1 - 4 | 939,017
1358  | Quills           | 4  | 1 - 4 | 937,281
1359  | SINoKCB          | 7  | 1 - 4 | 922,399
1360  | TheArk           | 10  | 1 - 4 | 914,682
1361  | Adastra          | 1  | 1 - 4 | 896,443
1362  | Arc°Nights       | 10  | 1 - 4 | 870,530
1363  | Moostrax         | 4  | 0 - 5 | 841,404
1364  | Talia            | 3  | 1 - 4 | 840,100
1365  | ۝Author۝         | 7  | 1 - 4 | 798,342
1366  | OverFlag         | 7  | 1 - 4 | 761,498
1367  | K-on             | 5  | 1 - 4 | 752,298
1368  | TeamSimpMid      | 6  | 1 - 4 | 739,872
1369  | Casuals          | 12  | 0 - 5 | 664,949
1370  | Rabbit           | 3  | 1 - 4 | 605,533
1371  | Redlily          | 5  | 1 - 4 | 554,576
1372  | TBD              | 11  | 1 - 4 | 549,930
1373  | 조용조용             | 13  | 1 - 4 | 522,058
1374  | Gestalts         | 8  | 0 - 5 | 466,590
1375  | 길드명추천받습니다        | 13  | 0 - 5 | 360,440
1376  | Seirei           | 3  | 0 - 5 | 315,861
1377  | Infernum         | 8  | 0 - 5 | 303,026
1378  | Adamas           | 2  | 0 - 5 | 298,945
1379  | Ingary           | 3  | 1 - 4 | 141,679
1380  | LoneWolf         | 1  | 0 - 5 | 134,724
1381  | YoRHa            | 9  | 0 - 5 | 128,565
1382  | 천상지유             | 12  | 0 - 5 | 110,688
1383  | AFKguild         | 4  | 0 - 5 | 99,554
1384  | SaltGang         | 7  | 0 - 5 | 88,074
1385  | FuryCats         | 2  | 0 - 5 | 76,651
1386  | DragNir          | 5  | 0 - 5 | 71,504
1387  | YNotGuild        | 8  | 0 - 5 | 60,594
1388  | 육식동물원            | 6  | 0 - 5 | 60,395
1389  | Fables           | 3  | 0 - 5 | 48,871
1390  | Nohr             | 10  | 0 - 5 | 31,160
1391  | Nuwbieez         | 1  | 0 - 5 | 29,691
1392  | Atrium           | 5  | 0 - 5 | 20,488
1393  | 백일몽              | 9  | 0 - 5 | 20,461
1394  | Kuuhaku          | 9  | 0 - 5 | 12,855
1395  | Ventura          | 5  | 0 - 5 | 6,314
1396  | Perseverance     | 13  | 0 - 5 | 5,211
1397  | Lounge           | 13  | 0 - 5 | 5,026
1398  | Creamed          | 13  | 0 - 5 | 2,164
1399  | 데덴네              | 11  | 0 - 5 | 0