Day 6 | Day 5 | Name             | TS | W - L | Updated | Lifeforce

1     | 1     | CyberCrime       | 10  | 6 - 0 | Yes     | 33,480,287
2     | 2     | Peanut           | 5  | 6 - 0 | Yes     | 31,064,711
3     | 3     | Malchi           | 9  | 6 - 0 | Yes     | 31,048,815
4     | 4     | AstelliaJC       | 1  | 6 - 0 | Yes     | 29,452,025
5     | 5     | Flame            | 6  | 6 - 0 | Yes     | 28,943,521
6     | 6     | NANAISTHEBESTBOI | 10  | 5 - 1 | Yes     | 28,188,967
7     | 7     | GabiruCult       | 7  | 6 - 0 | Yes     | 28,035,064
8     | 8     | メロンパン            | 2  | 6 - 0 | Yes     | 26,906,817
9     | 10    | Cohesion         | 3  | 6 - 0 | Yes     | 26,560,371
10    | 11    | LOVELESS         | 6  | 5 - 1 | Yes     | 26,198,222
11    | 12    | LaffyRaffy       | 8  | 6 - 0 | Yes     | 25,827,614
12    | 14    | Boss             | 12  | 5 - 1 | Yes     | 25,739,154
13    | 9     | 404              | 4  | 6 - 0 | Yes     | 25,571,036
14    | 15    | UNDRGROUND       | 1  | 5 - 1 | Yes     | 25,278,458
15    | 13    | 오리너구리            | 12  | 6 - 0 | Yes     | 25,186,992
16    | 17    | ByIsaacsBeard    | 3  | 5 - 1 | Yes     | 23,004,082
17    | 20    | 2LS              | 11  | 6 - 0 | Yes     | 22,708,101
18    | 25    | Squids           | 5  | 5 - 1 | Yes     | 22,603,302
19    | 21    | AI               | 8  | 5 - 1 | Yes     | 22,482,668
20    | 26    | Roselia          | 4  | 5 - 1 | Yes     | 22,417,669
21    | 23    | Codex            | 5  | 5 - 1 | Yes     | 22,286,011
22    | 19    | Mocha            | 7  | 5 - 1 | Yes     | 22,239,898
23    | 18    | Reverie          | 8  | 4 - 2 | Yes     | 22,170,086
24    | 31    | Twelve           | 9  | 4 - 2 | Yes     | 22,073,116
25    | 29    | Rebel            | 11  | 5 - 1 | Yes     | 21,985,481
26    | 30    | 벚꽃               | 12  | 5 - 1 | Yes     | 21,984,238
27    | 24    | Angelis          | 9  | 5 - 1 | Yes     | 21,920,397
28    | 34    | 幼儿园              | 10  | 5 - 1 | Yes     | 21,770,764
29    | 35    | Secret_Garden    | 4  | 5 - 1 | Yes     | 20,720,626
30    | 16    | SINoALICE        | 13  | 5 - 1 | Yes     | 20,717,554
31    | 32    | uwu♡~            | 1  | 4 - 2 | Yes     | 20,638,746
32    | 37    | RawHotDog        | 8  | 5 - 1 | Yes     | 20,157,283
33    | 41    | Brotherhood      | 9  | 4 - 2 | Yes     | 20,055,063
34    | 45    | (주)월하미인          | 13  | 4 - 2 | Yes     | 20,032,919
35    | 27    | LawIsThicc       | 9  | 5 - 1 | Yes     | 19,998,097
36    | 33    | Caribe           | 8  | 4 - 2 | Yes     | 19,778,178
37    | 40    | Rebirth          | 9  | 4 - 2 | Yes     | 19,556,235
38    | 50    | Loaf             | 7  | 4 - 2 | Yes     | 19,343,819
39    | 38    | 설화               | 13  | 4 - 2 | Yes     | 19,213,290
40    | 44    | Agony            | 6  | 4 - 2 | Yes     | 19,210,764
41    | 47    | M&C              | 7  | 4 - 2 | Yes     | 19,206,783
42    | 53    | Almond           | 13  | 5 - 1 | Yes     | 19,074,024
43    | 22    | ♥♡YoЯHa♡♥        | 8  | 4 - 2 | Yes     | 18,760,628
44    | 65    | ☆Soulmate☆       | 11  | 5 - 1 | Yes     | 18,370,332
45    | 52    | Altair           | 10  | 5 - 1 | Yes     | 18,287,201
46    | 75    | Noxious          | 4  | 3 - 3 | Yes     | 18,254,691
47    | 28    | =)               | 7  | 3 - 3 | Yes     | 18,057,221
48    | 39    | Armada           | 8  | 3 - 3 | Yes     | 18,042,049
49    | 48    | Insomniacs       | 6  | 4 - 2 | Yes     | 17,813,480
50    | 54    | Scripted         | 11  | 4 - 2 | Yes     | 17,750,969
51    | 69    | Weebs            | 5  | 5 - 1 | Yes     | 17,750,010
52    | 79    | Destiny          | 3  | 5 - 1 | Yes     | 17,641,752
53    | 64    | AvocadoToast     | 7  | 5 - 1 | Yes     | 17,489,458
54    | 61    | Forget2Play      | 11  | 4 - 2 | Yes     | 17,372,783
55    | 82    | Nandos           | 1  | 4 - 2 | Yes     | 17,302,617
56    | 113   | 뉴비               | 12  | 4 - 2 | Yes     | 17,133,712
57    | 94    | 문제아              | 13  | 4 - 2 | Yes     | 17,049,857
58    | 36    | SINoABBY         | 8  | 4 - 2 | Yes     | 17,034,085
59    | 78    | Revive           | 8  | 4 - 2 | Yes     | 16,979,214
60    | 81    | TheNut           | 8  | 4 - 2 | Yes     | 16,945,091
61    | 77    | Pariah           | 4  | 4 - 2 | Yes     | 16,852,616
62    | 114   | UmaruLand        | 8  | 4 - 2 | Yes     | 16,681,785
63    | 46    | FTRAP            | 1  | 3 - 3 | Yes     | 16,669,098
64    | 96    | Hollow           | 10  | 4 - 2 | Yes     | 16,648,733
65    | 43    | Realm            | 4  | 4 - 2 | Yes     | 16,521,433
66    | 108   | Gods             | 7  | 4 - 2 | Yes     | 16,357,013
67    | 116   | 한국산흑우단           | 12  | 4 - 2 | Yes     | 16,328,757
68    | 80    | Chronicles       | 1  | 3 - 3 | Yes     | 16,326,480
69    | 100   | Chronos          | 2  | 5 - 1 | Yes     | 16,283,617
70    | 42    | 즐거운우리집           | 13  | 4 - 2 | Yes     | 16,236,043
71    | 110   | mEmE             | 11  | 4 - 2 | Yes     | 16,123,976
72    | 140   | Oblivion         | 5  | 4 - 2 | Yes     | 16,110,994
73    | 55    | FullMoonCafe     | 6  | 4 - 2 | Yes     | 16,093,919
74    | 124   | JustUsFrogsAgain | 4  | 4 - 2 | Yes     | 16,090,134
75    | 90    | Nyaaa            | 9  | 4 - 2 | Yes     | 16,035,812
76    | 166   | KAIJU            | 8  | 4 - 2 | Yes     | 15,990,383
77    | 58    | Ogygia           | 1  | 4 - 2 | Yes     | 15,945,630
78    | 107   | 블랙소울             | 13  | 5 - 1 | Yes     | 15,945,308
79    | 86    | 만사귀찮             | 1  | 5 - 1 | Yes     | 15,899,975
80    | 156   | Belial           | 8  | 4 - 2 | Yes     | 15,886,333
81    | 71    | #1InTimeslot     | 4  | 3 - 3 | Yes     | 15,812,418
82    | 49    | 『MR』             | 9  | 4 - 2 | Yes     | 15,713,714
83    | 155   | Elysium          | 4  | 4 - 2 | Yes     | 15,636,511
84    | 143   | Arroz            | 6  | 4 - 2 | Yes     | 15,566,782
85    | 121   | UnitalRing       | 10  | 4 - 2 | Yes     | 15,564,597
86    | 142   | [_]              | 3  | 4 - 2 | Yes     | 15,532,312
87    | 98    | YoRha            | 5  | 5 - 1 | Yes     | 15,452,383
88    | 169   | Vroom            | 11  | 4 - 2 | Yes     | 15,311,422
89    | 115   | Dream            | 9  | 4 - 2 | Yes     | 15,235,674
90    | 152   | OuRHa            | 6  | 4 - 2 | Yes     | 15,218,466
91    | 56    | Fantasy          | 8  | 4 - 2 | Yes     | 15,153,564
92    | 177   | Liquid           | 10  | 4 - 2 | Yes     | 15,088,688
93    | 135   | Reunion          | 4  | 4 - 2 | Yes     | 15,085,577
94    | 150   | Moogles          | 6  | 4 - 2 | Yes     | 15,049,197
95    | 130   | Kali             | 5  | 5 - 1 | Yes     | 15,017,583
96    | 168   | Rapture          | 4  | 4 - 2 | Yes     | 15,015,623
97    | 51    | Tartarus         | 8  | 4 - 2 | Yes     | 14,997,654
98    | 205   | 영원               | 12  | 4 - 2 | Yes     | 14,988,186
99    | 125   | Stellar          | 13  | 5 - 1 | Yes     | 14,987,768
100   | 157   | BeAsG0Ds         | 5  | 5 - 1 | Yes     | 14,883,734
101   | 175   | Uncharted        | 5  | 4 - 2 | Yes     | 14,874,363
102   | 189   | Alliance         | 9  | 4 - 2 | Yes     | 14,839,900
103   | 68    | Astryx           | 8  | 3 - 3 | Yes     | 14,797,785
104   | 159   | 의미               | 11  | 5 - 1 | Yes     | 14,795,481
105   | 210   | Quebec           | 6  | 3 - 3 | Yes     | 14,745,838
106   | 57    | KokoDayo         | 5  | 4 - 2 | Yes     | 14,743,724
107   | 87    | Canceled         | 9  | 3 - 3 | Yes     | 14,715,945
108   | 133   | Birbs            | 5  | 4 - 2 | Yes     | 14,706,219
109   | 60    | MilkVoid         | 9  | 3 - 3 | Yes     | 14,641,412
110   | 63    | Abhorsen         | 7  | 4 - 2 | Yes     | 14,621,629
111   | 171   | Materia          | 8  | 4 - 2 | Yes     | 14,586,418
112   | 183   | LammyCult        | 9  | 5 - 1 | Yes     | 14,578,109
113   | 119   | Everlasting      | 6  | 3 - 3 | Yes     | 14,495,582
114   | 59    | Encore           | 13  | 4 - 2 | Yes     | 14,460,622
115   | 162   | ♥80%Ⓔ-Giℝℓs♥     | 10  | 4 - 2 | Yes     | 14,456,798
116   | 95    | =(               | 7  | 3 - 3 | Yes     | 14,453,802
117   | 182   | Phantoms         | 2  | 4 - 2 | Yes     | 14,403,682
118   | 187   | VanitaS          | 3  | 4 - 2 | Yes     | 14,401,060
119   | 148   | /rope/           | 9  | 4 - 2 | Yes     | 14,369,075
120   | 238   | 냥냥펀치             | 13  | 4 - 2 | Yes     | 14,367,855
121   | 196   | Chaos            | 10  | 4 - 2 | Yes     | 14,358,078
122   | 181   | [Not]Eternia     | 9  | 5 - 1 | Yes     | 14,341,939
123   | 92    | Roanapur         | 12  | 4 - 2 | Yes     | 14,318,961
124   | 131   | Phantagasm       | 10  | 4 - 2 | Yes     | 14,309,595
125   | 72    | Harmony          | 4  | 4 - 2 | Yes     | 14,300,316
126   | 76    | Divine           | 9  | 4 - 2 | Yes     | 14,269,068
127   | 146   | ㄴㄱ               | 7  | 4 - 2 | Yes     | 14,226,701
128   | 161   | AlmondMilk       | 13  | 4 - 2 | Yes     | 14,211,143
129   | 66    | Vesto            | 5  | 3 - 3 | Yes     | 14,208,478
130   | 93    | Wall-Nut         | 9  | 4 - 2 | Yes     | 14,205,758
131   | 62    | Starry           | 10  | 4 - 2 | Yes     | 14,199,077
132   | 228   | RosaGigantea     | 8  | 4 - 2 | Yes     | 14,176,223
133   | 127   | Malice           | 7  | 4 - 2 | Yes     | 14,172,531
134   | 144   | Hellions         | 4  | 5 - 1 | Yes     | 14,156,842
135   | 104   | Yozora           | 6  | 4 - 2 | Yes     | 14,126,047
136   | 67    | FinalAct         | 10  | 4 - 2 | Yes     | 14,125,739
137   | 199   | Tempest          | 12  | 5 - 1 | Yes     | 14,102,671
138   | 112   | 마굿간              | 13  | 4 - 2 | Yes     | 14,084,169
139   | 217   | owo7             | 13  | 3 - 3 | Yes     | 14,075,274
140   | 191   | Neko★彡彡          | 13  | 3 - 3 | Yes     | 14,052,754
141   | 139   | SANCTUM          | 5  | 3 - 3 | Yes     | 14,023,955
142   | 221   | 밤하늘              | 1  | 4 - 2 | Yes     | 14,023,370
143   | 202   | Puzzles          | 9  | 4 - 2 | Yes     | 13,991,840
144   | 70    | Salvation™       | 5  | 4 - 2 | Yes     | 13,918,237
145   | 102   | ButStillNotKeto  | 7  | 4 - 2 | Yes     | 13,892,356
146   | 174   | Eclipse          | 7  | 4 - 2 | Yes     | 13,889,851
147   | 222   | Faustian         | 7  | 4 - 2 | Yes     | 13,867,192
148   | 218   | HupGuard         | 5  | 4 - 2 | Yes     | 13,833,036
149   | 73    | Wu               | 9  | 3 - 3 | Yes     | 13,829,461
150   | 106   | GranWing         | 5  | 4 - 2 | Yes     | 13,816,852
151   | 74    | Solis            | 5  | 4 - 2 | Yes     | 13,807,367
152   | 245   | Imperial         | 7  | 4 - 2 | Yes     | 13,781,175
153   | 122   | Punny            | 7  | 4 - 2 | Yes     | 13,752,327
154   | 137   | Typhon           | 9  | 3 - 3 | Yes     | 13,732,062
155   | 226   | PHAEDRA          | 10  | 4 - 2 | Yes     | 13,708,535
156   | 262   | Athenaeum        | 6  | 4 - 2 | Yes     | 13,707,563
157   | 263   | Abyss            | 8  | 3 - 3 | Yes     | 13,705,998
158   | 256   | Aether           | 4  | 4 - 2 | Yes     | 13,700,979
159   | 88    | ƔϵևՁɠɠ           | 13  | 4 - 2 | Yes     | 13,690,670
160   | 212   | Elkia            | 1  | 4 - 2 | Yes     | 13,669,542
161   | 101   | Aether           | 8  | 4 - 2 | Yes     | 13,669,187
162   | 136   | VeXille          | 4  | 3 - 3 | Yes     | 13,638,386
163   | 247   | La_Secte         | 5  | 4 - 2 | Yes     | 13,636,558
164   | 84    | Revive20SP       | 4  | 4 - 2 | Yes     | 13,633,745
165   | 120   | Marigold         | 5  | 4 - 2 | Yes     | 13,610,438
166   | 260   | Pequod           | 4  | 4 - 2 | Yes     | 13,569,780
167   | 97    | WeebLand         | 2  | 4 - 2 | Yes     | 13,557,859
168   | 253   | 765Pro           | 4  | 4 - 2 | Yes     | 13,536,579
169   | 286   | Hopeless         | 8  | 4 - 2 | Yes     | 13,496,664
170   | 99    | Pekoland         | 1  | 3 - 3 | Yes     | 13,483,336
171   | 275   | WildHunt         | 6  | 4 - 2 | Yes     | 13,478,199
172   | 197   | WildRose         | 8  | 4 - 2 | Yes     | 13,476,107
173   | 224   | Carmesí          | 9  | 4 - 2 | Yes     | 13,474,237
174   | 83    | mnemonic         | 7  | 3 - 3 | Yes     | 13,456,722
175   | 91    | Elegy            | 10  | 3 - 3 | Yes     | 13,429,101
176   | 141   | Kyobo            | 4  | 3 - 3 | Yes     | 13,429,058
177   | 200   | 카레맛집             | 12  | 4 - 2 | Yes     | 13,411,701
178   | 85    | Enigami          | 12  | 3 - 3 | Yes     | 13,380,004
179   | 236   | [Blank]          | 5  | 4 - 2 | Yes     | 13,314,978
180   | 103   | Maple            | 10  | 4 - 2 | Yes     | 13,314,243
181   | 165   | X̷I̷I̷I̷         | 7  | 4 - 2 | Yes     | 13,286,801
182   | 243   | ClammyClam       | 5  | 3 - 3 | Yes     | 13,269,214
183   | 278   | Schwert          | 10  | 4 - 2 | Yes     | 13,235,514
184   | 134   | Choten           | 6  | 3 - 3 | Yes     | 13,235,063
185   | 186   | Lunar日食          | 8  | 4 - 2 | Yes     | 13,230,733
186   | 207   | 14vs1            | 1  | 4 - 2 | Yes     | 13,217,397
187   | 214   | MilkTea自         | 1  | 4 - 2 | Yes     | 13,192,581
188   | 250   | Tiramisu         | 8  | 3 - 3 | Yes     | 13,178,611
189   | 185   | Lucky            | 1  | 5 - 1 | Yes     | 13,161,676
190   | 149   | 히사시부리            | 12  | 3 - 3 | Yes     | 13,150,240
191   | 89    | Cirque           | 9  | 3 - 3 | Yes     | 13,126,007
192   | 271   | TRIAD            | 13  | 5 - 1 | Yes     | 13,122,073
193   | 111   | GrandSouls       | 10  | 4 - 2 | Yes     | 13,098,849
194   | 126   | Corosars         | 1  | 3 - 3 | Yes     | 13,085,842
195   | 153   | OrcinusOrca      | 7  | 3 - 3 | Yes     | 13,066,118
196   | 299   | .Manica.         | 4  | 3 - 3 | Yes     | 13,022,821
197   | 249   | Sleepless        | 10  | 4 - 2 | Yes     | 13,014,263
198   | 170   | Lost_Cause       | 10  | 4 - 2 | Yes     | 12,984,094
199   | 322   | Luxuria          | 9  | 4 - 2 | Yes     | 12,973,146
200   | 105   | Pokédex          | 6  | 3 - 3 | Yes     | 12,968,044
201   | 321   | Mexicore         | 8  | 4 - 2 | Yes     | 12,962,166
202   | 117   | Amaranth         | 4  | 4 - 2 | Yes     | 12,956,164
203   | 215   | Void             | 7  | 4 - 2 | Yes     | 12,950,948
204   | 274   | AstessiaJC       | 13  | 3 - 3 | Yes     | 12,901,660
205   | 179   | ArkainaKore      | 8  | 3 - 3 | Yes     | 12,889,528
206   | 151   | SleepingAngels   | 10  | 4 - 2 | Yes     | 12,865,260
207   | 194   | Nazarick         | 3  | 4 - 2 | Yes     | 12,858,220
208   | 281   | TBC              | 6  | 4 - 2 | Yes     | 12,846,534
209   | 154   | 새벽               | 13  | 4 - 2 | Yes     | 12,829,226
210   | 241   | Cthuwu           | 10  | 4 - 2 | Yes     | 12,820,757
211   | 279   | PhantomTroupe    | 10  | 4 - 2 | Yes     | 12,811,472
212   | 252   | 신오앨리스            | 12  | 5 - 1 | Yes     | 12,806,889
213   | 176   | Homura炎          | 1  | 4 - 2 | Yes     | 12,794,094
214   | 227   | Precure          | 4  | 5 - 1 | Yes     | 12,792,891
215   | 310   | JuraForest       | 13  | 4 - 2 | Yes     | 12,780,088
216   | 292   | Defiance(｡･ω･｡)ﾉ | 11  | 3 - 3 | Yes     | 12,774,644
217   | 201   | Nameless         | 8  | 4 - 2 | Yes     | 12,724,526
218   | 266   | PowerUP          | 9  | 4 - 2 | Yes     | 12,723,814
219   | 109   | Darkness         | 7  | 4 - 2 | Yes     | 12,716,473
220   | 331   | Upupupu          | 8  | 3 - 3 | Yes     | 12,661,901
221   | 118   | Genocide         | 12  | 3 - 3 | Yes     | 12,624,771
222   | 178   | CrimsonTears     | 8  | 3 - 3 | Yes     | 12,601,852
223   | 248   | BadLuck          | 9  | 4 - 2 | Yes     | 12,572,674
224   | 145   | Dabbers          | 5  | 3 - 3 | Yes     | 12,552,678
225   | 375   | Avenoir          | 9  | 3 - 3 | Yes     | 12,547,492
226   | 269   | .·´✧Depora✧`·.   | 7  | 4 - 2 | Yes     | 12,517,638
227   | 348   | HoneyBunny       | 1  | 3 - 3 | Yes     | 12,490,050
228   | 363   | Nyantropy        | 10  | 4 - 2 | Yes     | 12,486,932
229   | 203   | Ichariba         | 1  | 3 - 3 | Yes     | 12,478,199
230   | 318   | Mjødhall         | 5  | 4 - 2 | Yes     | 12,466,754
231   | 319   | Echi_Di_CULtura  | 4  | 3 - 3 | Yes     | 12,460,571
232   | 268   | AlioRegnum       | 3  | 5 - 1 | Yes     | 12,445,729
233   | 132   | Another          | 8  | 3 - 3 | Yes     | 12,442,257
234   | 328   | 7Sins            | 5  | 4 - 2 | Yes     | 12,439,016
235   | 316   | 냥냥킥              | 12  | 4 - 2 | Yes     | 12,436,888
236   | 288   | Mistborn         | 5  | 4 - 2 | Yes     | 12,435,244
237   | 338   | Xoriat           | 9  | 4 - 2 | Yes     | 12,430,722
238   | 172   | Avarice          | 10  | 3 - 3 | Yes     | 12,417,880
239   | 129   | SinoLewd         | 10  | 3 - 3 | Yes     | 12,415,242
240   | 164   | GrimmNightmare   | 5  | 4 - 2 | Yes     | 12,379,634
241   | 123   | CaSINo           | 3  | 3 - 3 | Yes     | 12,377,735
242   | 184   | PlayWoW          | 13  | 3 - 3 | Yes     | 12,354,534
243   | 346   | Arcanum          | 4  | 4 - 2 | Yes     | 12,345,449
244   | 351   | ᴀsᴄᴇɴsɪᴏɴ        | 3  | 4 - 2 | Yes     | 12,333,386
245   | 213   | Happy            | 12  | 3 - 3 | Yes     | 12,325,339
246   | 320   | Ohanami          | 11  | 4 - 2 | Yes     | 12,253,844
247   | 158   | Nexus            | 9  | 4 - 2 | Yes     | 12,216,185
248   | 128   | Test             | 4  | 4 - 2 | Yes     | 12,187,021
249   | 380   | Caterus          | 7  | 4 - 2 | Yes     | 12,096,654
250   | 305   | Shade            | 6  | 4 - 2 | Yes     | 12,065,101
251   | 173   | KULTURE          | 9  | 3 - 3 | Yes     | 12,064,786
252   | 220   | Ikimasu          | 7  | 3 - 3 | Yes     | 12,058,999
253   | 364   | SoCal            | 9  | 3 - 3 | Yes     | 12,054,125
254   | 208   | Phantasmagoria   | 5  | 2 - 4 | Yes     | 12,046,106
255   | 160   | 잔향               | 12  | 3 - 3 | Yes     | 12,038,814
256   | 240   | Bananas          | 10  | 3 - 3 | Yes     | 12,036,605
257   | 138   | ♤♡Palace♧♢       | 1  | 3 - 3 | Yes     | 12,023,708
258   | 294   | Pantheon         | 11  | 3 - 3 | Yes     | 12,019,878
259   | 147   | Ecstasy          | 1  | 4 - 2 | Yes     | 11,978,451
260   | 335   | µ's              | 10  | 4 - 2 | Yes     | 11,933,003
261   | 163   | Axolotl生         | 8  | 4 - 2 | Yes     | 11,903,371
262   | 233   | Hazelnut         | 5  | 3 - 3 | Yes     | 11,882,979
263   | 295   | SunnyDay~        | 12  | 4 - 2 | Yes     | 11,877,096
264   | 403   | Panda            | 5  | 3 - 3 | Yes     | 11,850,761
265   | 339   | NoTale.F.A       | 5  | 4 - 2 | Yes     | 11,819,632
266   | 349   | RoyalKnights     | 8  | 5 - 1 | Yes     | 11,819,506
267   | 237   | Moonfall         | 4  | 3 - 3 | Yes     | 11,806,821
268   | 370   | RLC              | 13  | 4 - 2 | Yes     | 11,790,010
269   | 272   | Squids           | 10  | 3 - 3 | Yes     | 11,782,691
270   | 355   | bbt              | 10  | 4 - 2 | Yes     | 11,777,601
271   | 283   | Wisteria         | 7  | 4 - 2 | Yes     | 11,760,576
272   | 167   | Unseelie         | 8  | 4 - 2 | Yes     | 11,758,069
273   | 190   | HoloLive         | 12  | 4 - 2 | Yes     | 11,738,611
274   | 261   | Michi'sZombie    | 9  | 3 - 3 | Yes     | 11,731,333
275   | 378   | Space            | 8  | 4 - 2 | Yes     | 11,706,595
276   | 242   | DayDream         | 5  | 2 - 4 | Yes     | 11,703,518
277   | 438   | YssSG            | 12  | 4 - 2 | Yes     | 11,692,740
278   | 304   | Re:ℤer๏          | 9  | 4 - 2 | Yes     | 11,688,835
279   | 329   | Imperium         | 3  | 4 - 2 | Yes     | 11,688,742
280   | 330   | ꫛꫀꪝ✧‧˚           | 13  | 4 - 2 | Yes     | 11,666,426
281   | 188   | Otaku            | 9  | 4 - 2 | Yes     | 11,665,350
282   | 229   | SINcerity        | 5  | 3 - 3 | Yes     | 11,647,496
283   | 180   | EatPant2         | 10  | 4 - 2 | Yes     | 11,643,947
284   | 317   | Yaiba2.0         | 9  | 4 - 2 | Yes     | 11,566,834
285   | 424   | GrimHope         | 10  | 4 - 2 | Yes     | 11,563,675
286   | 401   | Libra            | 3  | 4 - 2 | Yes     | 11,543,575
287   | 309   | GrimTale         | 5  | 4 - 2 | Yes     | 11,530,098
288   | 411   | ☆☆LAZe☆☆         | 7  | 4 - 2 | Yes     | 11,519,993
289   | 206   | Lucklets         | 4  | 3 - 3 | Yes     | 11,498,204
290   | 301   | Bookstore        | 5  | 5 - 1 | Yes     | 11,481,989
291   | 383   | Pluggies         | 1  | 4 - 2 | Yes     | 11,480,362
292   | 417   | Cognatus         | 8  | 3 - 3 | Yes     | 11,476,164
293   | 387   | Niflheim         | 11  | 4 - 2 | Yes     | 11,471,867
294   | 211   | Eternum          | 8  | 3 - 3 | Yes     | 11,446,476
295   | 265   | MoguMogu         | 12  | 4 - 2 | Yes     | 11,437,670
296   | 280   | TheNorth         | 7  | 3 - 3 | Yes     | 11,426,038
297   | 386   | Freedom          | 12  | 4 - 2 | Yes     | 11,389,782
298   | 347   | Yharnam          | 7  | 4 - 2 | Yes     | 11,375,163
299   | 413   | MirrorOfFate     | 9  | 4 - 2 | Yes     | 11,346,825
300   | 468   | Espada           | 10  | 4 - 2 | Yes     | 11,343,014
301   | 391   | BLANKET          | 8  | 3 - 3 | Yes     | 11,332,119
302   | 405   | Marina           | 13  | 4 - 2 | Yes     | 11,327,622
303   | 450   | S.H.             | 6  | 4 - 2 | Yes     | 11,305,191
304   | 402   | Paywall          | 5  | 4 - 2 | Yes     | 11,299,514
305   | 435   | EndofPariah      | 5  | 3 - 3 | Yes     | 11,288,634
306   | 198   | iGod             | 6  | 3 - 3 | Yes     | 11,273,245
307   | 415   | TaroBoba         | 10  | 4 - 2 | Yes     | 11,268,701
308   | 302   | Coldbrew         | 13  | 3 - 3 | Yes     | 11,245,655
309   | 230   | Avantheim        | 13  | 3 - 3 | Yes     | 11,231,052
310   | 440   | DarkMoon         | 4  | 4 - 2 | Yes     | 11,229,841
311   | 231   | Slimemh-3-       | 9  | 3 - 3 | Yes     | 11,225,756
312   | 219   | Fables           | 10  | 4 - 2 | Yes     | 11,184,443
313   | 282   | Vesperia         | 7  | 3 - 3 | Yes     | 11,184,400
314   | 410   | OnceUpon         | 10  | 3 - 3 | Yes     | 11,171,528
315   | 434   | SectaDeLammy     | 8  | 4 - 2 | Yes     | 11,168,909
316   | 362   | Arialis          | 6  | 4 - 2 | Yes     | 11,166,297
317   | 193   | 디시인사이드           | 11  | 3 - 3 | Yes     | 11,156,283
318   | 306   | MilkGod          | 12  | 3 - 3 | Yes     | 11,151,126
319   | 225   | Rayearth         | 7  | 4 - 2 | Yes     | 11,150,926
320   | 192   | Memento          | 11  | 3 - 3 | Yes     | 11,127,971
321   | 195   | Noragami         | 4  | 3 - 3 | Yes     | 11,112,358
322   | 209   | Wormhole         | 6  | 4 - 2 | Yes     | 11,112,255
323   | 307   | Alabaster        | 9  | 3 - 3 | Yes     | 11,106,705
324   | 343   | Valhalla         | 6  | 4 - 2 | Yes     | 11,087,518
325   | 289   | Kyogen           | 5  | 4 - 2 | Yes     | 11,037,089
326   | 484   | Frans            | 8  | 3 - 3 | Yes     | 11,034,903
327   | 360   | Blank            | 5  | 4 - 2 | Yes     | 11,009,340
328   | 374   | RhodesID         | 12  | 4 - 2 | Yes     | 10,994,917
329   | 313   | Baguette         | 5  | 3 - 3 | Yes     | 10,974,680
330   | 234   | /sagg/           | 9  | 3 - 3 | Yes     | 10,955,645
331   | 452   | Sin              | 4  | 4 - 2 | Yes     | 10,937,210
332   | 257   | Genesis          | 8  | 4 - 2 | Yes     | 10,936,606
333   | 441   | Buffones         | 7  | 4 - 2 | Yes     | 10,917,249
334   | 273   | 코코는병아리           | 11  | 4 - 2 | Yes     | 10,917,177
335   | 204   | ꧁SnowSanctuary꧂  | 11  | 3 - 3 | Yes     | 10,913,619
336   | 398   | Meow             | 4  | 4 - 2 | Yes     | 10,902,131
337   | 426   | NeonBomb         | 8  | 4 - 2 | Yes     | 10,870,224
338   | 412   | FABLES           | 12  | 4 - 2 | Yes     | 10,868,008
339   | 448   | Halcyon          | 8  | 4 - 2 | Yes     | 10,858,610
340   | 393   | Alicization      | 13  | 4 - 2 | Yes     | 10,854,407
341   | 235   | Shikibu          | 9  | 3 - 3 | Yes     | 10,837,664
342   | 353   | Daybreak         | 13  | 3 - 3 | Yes     | 10,826,960
343   | 516   | OwO              | 12  | 3 - 3 | Yes     | 10,799,935
344   | 400   | DeadDemon        | 9  | 4 - 2 | Yes     | 10,797,615
345   | 337   | 【﻿ＢＬＩＮＫ】         | 11  | 2 - 4 | Yes     | 10,791,839
346   | 308   | Alter            | 9  | 3 - 3 | Yes     | 10,752,923
347   | 251   | BloodOath        | 1  | 3 - 3 | Yes     | 10,748,186
348   | 474   | Bullied          | 10  | 3 - 3 | Yes     | 10,747,436
349   | 277   | Draconic         | 1  | 2 - 4 | Yes     | 10,745,285
350   | 232   | OFFtopic         | 6  | 3 - 3 | Yes     | 10,745,260
351   | 431   | Bushido          | 9  | 4 - 2 | Yes     | 10,742,397
352   | 239   | ᴇᴠɪʟ☬ɢᴇɴɪᴜꜱᴇꜱ    | 7  | 3 - 3 | Yes     | 10,728,739
353   | 444   | Chaldea          | 3  | 4 - 2 | Yes     | 10,723,199
354   | 461   | PiKACHeW         | 1  | 4 - 2 | Yes     | 10,708,161
355   | 290   | HachikujiMayoi   | 6  | 3 - 3 | Yes     | 10,704,502
356   | 345   | KARMA            | 5  | 2 - 4 | Yes     | 10,693,458
357   | 507   | HEX              | 5  | 4 - 2 | Yes     | 10,692,529
358   | 216   | TakoYaki         | 13  | 3 - 3 | Yes     | 10,674,314
359   | 397   | Fatalis          | 1  | 4 - 2 | Yes     | 10,664,390
360   | 223   | Guardians        | 12  | 3 - 3 | Yes     | 10,650,001
361   | 258   | TeaCats          | 13  | 3 - 3 | Yes     | 10,632,032
362   | 407   | Salière          | 5  | 4 - 2 | Yes     | 10,631,261
363   | 477   | Omega            | 7  | 3 - 3 | Yes     | 10,594,206
364   | 515   | StateFarm        | 10  | 3 - 3 | Yes     | 10,581,430
365   | 487   | Killhare         | 8  | 4 - 2 | Yes     | 10,569,297
366   | 298   | BookClub         | 9  | 3 - 3 | Yes     | 10,563,400
367   | 510   | FUNAlice         | 9  | 3 - 3 | Yes     | 10,549,331
368   | 244   | FoxTails         | 13  | 4 - 2 | Yes     | 10,538,220
369   | 506   | Armed            | 9  | 3 - 3 | Yes     | 10,531,102
370   | 392   | Hokuten-Knights  | 4  | 4 - 2 | Yes     | 10,526,121
371   | 481   | CULToSUNNY       | 3  | 4 - 2 | Yes     | 10,510,677
372   | 489   | 연린               | 12  | 3 - 3 | Yes     | 10,510,561
373   | 475   | Elysium          | 10  | 3 - 3 | Yes     | 10,497,458
374   | 442   | Drakengard       | 12  | 4 - 2 | Yes     | 10,494,650
375   | 264   | Lethaeus         | 6  | 4 - 2 | Yes     | 10,494,206
376   | 259   | Elegy            | 6  | 3 - 3 | Yes     | 10,488,713
377   | 254   | AllStars         | 4  | 3 - 3 | Yes     | 10,483,607
378   | 270   | Aussie           | 8  | 3 - 3 | Yes     | 10,459,921
379   | 246   | TheGuild         | 4  | 4 - 2 | Yes     | 10,458,757
380   | 366   | Nutella          | 12  | 3 - 3 | Yes     | 10,428,707
381   | 404   | Oracles          | 7  | 4 - 2 | Yes     | 10,424,037
382   | 554   | •ForeverHome•    | 12  | 3 - 3 | Yes     | 10,421,342
383   | 509   | ZODIAC           | 13  | 3 - 3 | Yes     | 10,412,121
384   | 267   | ZaWarudo         | 3  | 3 - 3 | Yes     | 10,404,297
385   | 522   | ChurchOfTamagod  | 11  | 4 - 2 | Yes     | 10,391,734
386   | 550   | Hysteria         | 4  | 3 - 3 | Yes     | 10,386,407
387   | 532   | Veritas          | 10  | 3 - 3 | Yes     | 10,380,363
388   | 512   | Oldworld         | 3  | 4 - 2 | Yes     | 10,377,386
389   | 291   | Valiance         | 6  | 3 - 3 | Yes     | 10,371,071
390   | 255   | ~Epiphany~       | 3  | 4 - 2 | Yes     | 10,369,794
391   | 533   | Virtuous         | 1  | 3 - 3 | Yes     | 10,350,890
392   | 436   | TeamPetty        | 5  | 4 - 2 | Yes     | 10,347,695
393   | 502   | Moonrise         | 7  | 3 - 3 | Yes     | 10,343,805
394   | 357   | hyouka           | 7  | 3 - 3 | Yes     | 10,337,469
395   | 284   | Odyssey          | 5  | 2 - 4 | Yes     | 10,336,786
396   | 287   | FuwaFuwa         | 11  | 3 - 3 | Yes     | 10,325,206
397   | 455   | Chonkers         | 7  | 4 - 2 | Yes     | 10,317,153
398   | 457   | Jelly            | 10  | 4 - 2 | Yes     | 10,313,785
399   | 466   | Astarea          | 13  | 4 - 2 | Yes     | 10,307,877
400   | 497   | 9Realms          | 6  | 3 - 3 | Yes     | 10,302,472
401   | 409   | Replicant        | 8  | 4 - 2 | Yes     | 10,272,635
402   | 480   | GrimmRevolution  | 9  | 3 - 3 | Yes     | 10,257,541
403   | 505   | Carriya          | 12  | 4 - 2 | Yes     | 10,250,341
404   | 482   | |Solo|           | 1  | 4 - 2 | Yes     | 10,229,697
405   | 276   | Monochrome       | 5  | 3 - 3 | Yes     | 10,222,003
406   | 384   | SV               | 13  | 3 - 3 | Yes     | 10,193,967
407   | 303   | YokoTako         | 8  | 2 - 4 | Yes     | 10,184,541
408   | 315   | Intoners         | 3  | 3 - 3 | Yes     | 10,176,881
409   | 367   | Hollows          | 4  | 3 - 3 | Yes     | 10,170,379
410   | 519   | Kokytus          | 8  | 3 - 3 | Yes     | 10,157,350
411   | 423   | Insomnia         | 11  | 4 - 2 | Yes     | 10,153,401
412   | 340   | Ragnarokr        | 10  | 2 - 4 | Yes     | 10,152,383
413   | 549   | Dai-Shocker      | 5  | 4 - 2 | Yes     | 10,148,572
414   | 538   | CoolKids         | 6  | 4 - 2 | Yes     | 10,146,161
415   | 485   | HailFuHua        | 9  | 4 - 2 | Yes     | 10,125,352
416   | 573   | Avalon           | 10  | 3 - 3 | Yes     | 10,123,179
417   | 296   | Drzkade          | 1  | 3 - 3 | Yes     | 10,121,537
418   | 551   | X-Buster         | 7  | 4 - 2 | Yes     | 10,093,217
419   | 470   | Maung            | 13  | 3 - 3 | Yes     | 10,068,963
420   | 544   | Bakery           | 7  | 3 - 3 | Yes     | 10,054,561
421   | 285   | TARDIS           | 4  | 3 - 3 | Yes     | 10,046,613
422   | 377   | Dissonance       | 4  | 3 - 3 | Yes     | 10,038,694
423   | 491   | Library          | 4  | 4 - 2 | Yes     | 10,023,096
424   | 323   | Affenbande       | 4  | 3 - 3 | Yes     | 10,019,106
425   | 356   | LuckyOrb         | 6  | 4 - 2 | Yes     | 9,990,060
426   | 314   | Asterisk         | 5  | 3 - 3 | Yes     | 9,989,772
427   | 537   | Thigh.Highs&GB   | 8  | 4 - 2 | Yes     | 9,986,534
428   | 327   | Doge             | 13  | 3 - 3 | Yes     | 9,980,059
429   | 526   | BlackRose        | 6  | 4 - 2 | Yes     | 9,960,575
430   | 566   | Peerless         | 11  | 3 - 3 | Yes     | 9,948,947
431   | 361   | Daijoubu         | 5  | 3 - 3 | Yes     | 9,945,539
432   | 300   | 7thElement       | 8  | 3 - 3 | Yes     | 9,943,581
433   | 483   | OrberLords       | 3  | 4 - 2 | Yes     | 9,924,143
434   | 389   | Sino             | 6  | 3 - 3 | Yes     | 9,917,393
435   | 571   | Eleusis          | 7  | 3 - 3 | Yes     | 9,897,926
436   | 577   | Ovan'$$Ble$$ing  | 13  | 3 - 3 | Yes     | 9,879,943
437   | 535   | Necronomicon     | 10  | 3 - 3 | Yes     | 9,868,106
438   | 601   | Unlucky          | 8  | 4 - 2 | Yes     | 9,847,483
439   | 324   | Refuwugees       | 10  | 3 - 3 | Yes     | 9,832,532
440   | 332   | SOX天国            | 9  | 3 - 3 | Yes     | 9,829,992
441   | 333   | Reroll-Yubi      | 10  | 3 - 3 | Yes     | 9,827,409
442   | 530   | AetherRoar       | 9  | 3 - 3 | Yes     | 9,822,167
443   | 406   | ♡DEBAUCHERY♥     | 1  | 3 - 3 | Yes     | 9,815,054
444   | 297   | Gullible         | 11  | 4 - 2 | Yes     | 9,809,934
445   | 581   | Cthulhu          | 11  | 3 - 3 | Yes     | 9,807,648
446   | 546   | LePilier         | 4  | 3 - 3 | Yes     | 9,799,916
447   | 341   | Lunatear         | 11  | 4 - 2 | Yes     | 9,786,822
448   | 635   | 쿠로가미             | 13  | 3 - 3 | Yes     | 9,782,956
449   | 385   | KampungRealtra   | 12  | 3 - 3 | Yes     | 9,774,438
450   | 471   | Synchronicity    | 5  | 4 - 2 | Yes     | 9,763,163
451   | 394   | FGOChile         | 8  | 3 - 3 | Yes     | 9,762,368
452   | 467   | Azur             | 3  | 3 - 3 | Yes     | 9,759,848
453   | 408   | SunTears         | 5  | 4 - 2 | Yes     | 9,754,751
454   | 312   | NoMercy          | 4  | 3 - 3 | Yes     | 9,737,981
455   | 390   | RedQueen         | 9  | 3 - 3 | Yes     | 9,736,319
456   | 352   | DârkSîn          | 10  | 3 - 3 | Yes     | 9,717,381
457   | 494   | Bellum           | 8  | 3 - 3 | Yes     | 9,709,540
458   | 382   | Legion           | 8  | 3 - 3 | Yes     | 9,694,864
459   | 293   | Holoslime        | 11  | 3 - 3 | Yes     | 9,692,113
460   | 344   | RavenPoe         | 9  | 3 - 3 | Yes     | 9,685,639
461   | 350   | SINoBEARS        | 3  | 3 - 3 | Yes     | 9,681,293
462   | 451   | NoNamed          | 12  | 3 - 3 | Yes     | 9,638,485
463   | 396   | Zeal             | 7  | 3 - 3 | Yes     | 9,627,385
464   | 399   | Cheshire         | 10  | 3 - 3 | Yes     | 9,623,526
465   | 555   | Lithium          | 5  | 3 - 3 | Yes     | 9,619,593
466   | 368   | Phantom          | 5  | 3 - 3 | Yes     | 9,611,151
467   | 574   | Niflheim         | 9  | 3 - 3 | Yes     | 9,610,892
468   | 602   | Navi             | 6  | 4 - 2 | Yes     | 9,609,722
469   | 373   | Royals           | 8  | 3 - 3 | Yes     | 9,601,591
470   | 354   | Roselia          | 13  | 3 - 3 | Yes     | 9,591,463
471   | 325   | Gateway          | 4  | 4 - 2 | Yes     | 9,590,138
472   | 358   | pepega           | 12  | 3 - 3 | Yes     | 9,588,148
473   | 311   | Abandoned        | 3  | 4 - 2 | Yes     | 9,560,717
474   | 595   | TheAvatars       | 5  | 4 - 2 | Yes     | 9,560,573
475   | 499   | Loliness         | 1  | 3 - 3 | Yes     | 9,556,813
476   | 513   | Lycoris          | 5  | 4 - 2 | Yes     | 9,546,170
477   | 326   | Lethargy         | 11  | 3 - 3 | Yes     | 9,521,552
478   | 586   | Ravana           | 3  | 4 - 2 | Yes     | 9,511,662
479   | 342   | Lunaris          | 8  | 3 - 3 | Yes     | 9,507,859
480   | 469   | Exile            | 12  | 3 - 3 | Yes     | 9,492,804
481   | 576   | Eternity         | 6  | 3 - 3 | Yes     | 9,485,044
482   | 634   | 검은고양이            | 12  | 3 - 3 | Yes     | 9,407,504
483   | 372   | KG               | 9  | 3 - 3 | Yes     | 9,402,038
484   | 334   | #Junkies         | 5  | 3 - 3 | Yes     | 9,394,041
485   | 336   | ISEKAI           | 8  | 3 - 3 | Yes     | 9,333,818
486   | 528   | Grimms_Requiem   | 4  | 4 - 2 | Yes     | 9,302,576
487   | 613   | Nordic           | 5  | 3 - 3 | Yes     | 9,296,941
488   | 649   | Rikone           | 6  | 3 - 3 | Yes     | 9,294,882
489   | 621   | AVARITIA         | 11  | 4 - 2 | Yes     | 9,291,617
490   | 638   | eggheads         | 10  | 3 - 3 | Yes     | 9,260,953
491   | 463   | BulbGang         | 11  | 4 - 2 | Yes     | 9,241,307
492   | 615   | SpLAT            | 7  | 4 - 2 | Yes     | 9,224,528
493   | 584   | YoRHa            | 8  | 4 - 2 | Yes     | 9,209,023
494   | 492   | NazarickⓈ        | 8  | 2 - 4 | Yes     | 9,185,223
495   | 565   | Arcarum          | 6  | 4 - 2 | Yes     | 9,180,825
496   | 633   | Forsaken         | 8  | 4 - 2 | Yes     | 9,180,345
497   | 568   | SinoPake         | 8  | 4 - 2 | Yes     | 9,151,599
498   | 472   | Knightmare       | 9  | 3 - 3 | Yes     | 9,150,984
499   | 558   | Fairy            | 1  | 4 - 2 | Yes     | 9,147,124
500   | 365   | Malice           | 11  | 3 - 3 | Yes     | 9,146,206
501   | 569   | OBDS             | 4  | 3 - 3 | Yes     | 9,143,235
502   | 369   | Absolution       | 3  | 3 - 3 | Yes     | 9,136,107
503   | 443   | Daylight         | 5  | 2 - 4 | Yes     | 9,129,678
504   | 605   | Blargh!          | 4  | 3 - 3 | Yes     | 9,127,588
505   | 557   | Apricity         | 10  | 4 - 2 | Yes     | 9,120,432
506   | 379   | Eorzeans         | 10  | 2 - 4 | Yes     | 9,096,581
507   | 626   | Fate             | 3  | 4 - 2 | Yes     | 9,095,723
508   | 609   | Ram☆Ranch        | 4  | 3 - 3 | Yes     | 9,092,235
509   | 460   | Sanctum          | 3  | 3 - 3 | Yes     | 9,066,283
510   | 395   | SomePP           | 1  | 3 - 3 | Yes     | 9,036,300
511   | 376   | SINoYOKO         | 5  | 3 - 3 | Yes     | 9,022,992
512   | 501   | Scythe           | 4  | 3 - 3 | Yes     | 9,012,580
513   | 456   | CatCafé          | 5  | 3 - 3 | Yes     | 9,012,435
514   | 371   | Alice            | 1  | 3 - 3 | Yes     | 9,003,919
515   | 453   | Märchen          | 4  | 3 - 3 | Yes     | 8,997,108
516   | 359   | Noobs            | 9  | 3 - 3 | Yes     | 8,993,546
517   | 629   | Beastars         | 3  | 4 - 2 | Yes     | 8,991,043
518   | 427   | SinoSG           | 12  | 3 - 3 | Yes     | 8,981,569
519   | 524   | Jelly            | 13  | 4 - 2 | Yes     | 8,973,161
520   | 593   | YoRHa            | 9  | 4 - 2 | Yes     | 8,972,730
521   | 603   | España           | 5  | 4 - 2 | Yes     | 8,968,855
522   | 623   | FGOSimps         | 9  | 3 - 3 | Yes     | 8,966,027
523   | 414   | Nightfall        | 12  | 3 - 3 | Yes     | 8,955,527
524   | 449   | BlackFeathers    | 7  | 3 - 3 | Yes     | 8,951,225
525   | 439   | RedQueen         | 3  | 3 - 3 | Yes     | 8,944,581
526   | 514   | ϟNeverland       | 1  | 3 - 3 | Yes     | 8,929,450
527   | 632   | Mangifera†Indica | 5  | 3 - 3 | Yes     | 8,916,477
528   | 624   | Kyushi           | 1  | 3 - 3 | Yes     | 8,892,841
529   | 381   | TheBeans         | 7  | 3 - 3 | Yes     | 8,889,353
530   | 421   | Nazarick         | 7  | 3 - 3 | Yes     | 8,885,179
531   | 598   | Sylaise          | 4  | 3 - 3 | Yes     | 8,874,005
532   | 616   | REPL:EVER        | 13  | 3 - 3 | Yes     | 8,856,102
533   | 429   | Outliers         | 8  | 3 - 3 | Yes     | 8,847,059
534   | 636   | Nekoship         | 13  | 4 - 2 | Yes     | 8,841,332
535   | 498   | YoRHa            | 13  | 2 - 4 | Yes     | 8,833,688
536   | 422   | •FurrosTulOnes•  | 8  | 2 - 4 | Yes     | 8,830,573
537   | 425   | Hololive         | 9  | 3 - 3 | Yes     | 8,824,375
538   | 388   | KooNest          | 2  | 3 - 3 | Yes     | 8,821,741
539   | 596   | Manaos           | 9  | 4 - 2 | Yes     | 8,819,957
540   | 490   | RE:CDE           | 8  | 2 - 4 | Yes     | 8,777,781
541   | 462   | Sidonia          | 8  | 3 - 3 | Yes     | 8,763,039
542   | 572   | NW               | 8  | 3 - 3 | Yes     | 8,726,593
543   | 446   | SUNSET.R         | 7  | 3 - 3 | Yes     | 8,719,980
544   | 612   | S.E.E.S.         | 1  | 3 - 3 | Yes     | 8,719,273
545   | 419   | Pendraig         | 11  | 3 - 3 | Yes     | 8,711,373
546   | 420   | Pleiades         | 10  | 2 - 4 | Yes     | 8,710,472
547   | 607   | Alter            | 8  | 4 - 2 | Yes     | 8,705,566
548   | 416   | PhantomRoad      | 1  | 4 - 2 | Yes     | 8,703,002
549   | 647   | FaE              | 1  | 3 - 3 | Yes     | 8,686,143
550   | 459   | Ex-YorHa         | 7  | 3 - 3 | Yes     | 8,683,443
551   | 418   | Arrogance        | 10  | 4 - 2 | Yes     | 8,661,369
552   | 564   | Scriptor         | 4  | 3 - 3 | Yes     | 8,660,043
553   | 432   | KuroiUta         | 3  | 4 - 2 | Yes     | 8,632,762
554   | 646   |                  | 11  | 4 - 2 | Yes     | 8,619,300
555   | 430   | Kwassont         | 9  | 4 - 2 | Yes     | 8,570,145
556   | 476   | Gestalt          | 3  | 3 - 3 | Yes     | 8,553,524
557   | 585   | YoRHa            | 4  | 4 - 2 | Yes     | 8,506,680
558   | 428   | Pudding          | 6  | 3 - 3 | Yes     | 8,504,540
559   | 454   | Charlemagne      | 4  | 3 - 3 | Yes     | 8,488,102
560   | 500   | [γк]Yukiri       | 9  | 3 - 3 | Yes     | 8,477,779
561   | 644   | Grimoire         | 4  | 3 - 3 | Yes     | 8,473,147
562   | 541   | Swordboy         | 10  | 3 - 3 | Yes     | 8,471,577
563   | 447   | Liebrary         | 4  | 3 - 3 | Yes     | 8,469,905
564   | 458   | Vigrior          | 13  | 4 - 2 | Yes     | 8,457,113
565   | 534   | SINoLAVI         | 7  | 3 - 3 | Yes     | 8,451,055
566   | 445   | S.E.A            | 13  | 3 - 3 | Yes     | 8,442,295
567   | 473   | SAVAGE           | 10  | 3 - 3 | Yes     | 8,366,803
568   | 437   | Persona          | 8  | 3 - 3 | Yes     | 8,355,352
569   | 645   | PizzaTime        | 9  | 4 - 2 | Yes     | 8,349,680
570   | 433   | BlackAtlas       | 5  | 4 - 2 | Yes     | 8,335,786
571   | 611   | TamagoClub       | 12  | 4 - 2 | Yes     | 8,321,870
572   | 486   | LaPalourdeSalée  | 3  | 3 - 3 | Yes     | 8,306,978
573   | 542   | Lancaster        | 13  | 3 - 3 | Yes     | 8,299,452
574   | 552   | Skögul           | 6  | 2 - 4 | Yes     | 8,279,557
575   | 493   | Tenshura         | 5  | 3 - 3 | Yes     | 8,261,044
576   | 547   | ProjectD         | 5  | 3 - 3 | Yes     | 8,190,958
577   | 503   | หิวข้าว          | 12  | 3 - 3 | Yes     | 8,184,031
578   | 520   | Crypters         | 9  | 3 - 3 | Yes     | 8,179,026
579   | 478   | Memories         | 1  | 3 - 3 | Yes     | 8,172,658
580   | 579   | Re;Quest         | 8  | 3 - 3 | Yes     | 8,172,441
581   | 495   | •WNDRLND•        | 10  | 3 - 3 | Yes     | 8,158,524
582   | 465   | Sin              | 10  | 3 - 3 | Yes     | 8,149,949
583   | 464   | Thighdeology     | 10  | 3 - 3 | Yes     | 8,113,081
584   | 518   | CBTXNTR          | 11  | 3 - 3 | Yes     | 8,079,796
585   | 496   | 『Nєχυѕ』          | 8  | 3 - 3 | Yes     | 8,077,509
586   | 559   | Yamete_Kudasai!! | 8  | 3 - 3 | Yes     | 8,042,467
587   | 597   | Twilight         | 4  | 2 - 4 | Yes     | 8,023,327
588   | 479   | Wantasm          | 8  | 3 - 3 | Yes     | 8,016,013
589   | 583   | aHRoYoRHa        | 9  | 2 - 4 | Yes     | 7,951,148
590   | 575   | Nyanpasu         | 6  | 3 - 3 | Yes     | 7,948,018
591   | 591   | Discord          | 4  | 3 - 3 | Yes     | 7,909,620
592   | 651   | TheBunker        | 9  | 2 - 4 | Yes     | 7,903,077
593   | 652   | GudaGuda         | 7  | 3 - 3 | Yes     | 7,897,198
594   | 517   | CIIC             | 10  | 2 - 4 | Yes     | 7,863,716
595   | 653   | CIIC             | 10  | 2 - 4 | Yes     | 7,863,716
596   | 654   | Xel'Naga         | 8  | 3 - 3 | Yes     | 7,862,730
597   | 628   | kokoron          | 9  | 2 - 4 | Yes     | 7,850,501
598   | 655   | kokoron          | 9  | 2 - 4 | Yes     | 7,850,501
599   | 656   | Jokers           | 12  | 3 - 3 | Yes     | 7,843,410
600   | 657   | Umbra            | 5  | 4 - 2 | Yes     | 7,838,788
601   | 561   | Atellux          | 10  | 3 - 3 | Yes     | 7,838,340
602   | 658   | Atellux          | 10  | 3 - 3 | Yes     | 7,838,340
603   | 488   | CrimsonButterfly | 6  | 4 - 2 | Yes     | 7,835,681
604   | 659   | CrimsonButterfly | 6  | 4 - 2 | Yes     | 7,835,681
605   | 660   | Daydreamer       | 1  | 4 - 2 | Yes     | 7,812,156
606   | 523   | Eg.g.            | 7  | 3 - 3 | Yes     | 7,812,039
607   | 661   | Eg.g.            | 7  | 3 - 3 | Yes     | 7,812,039
608   | 662   | Moonlit          | 11  | 3 - 3 | Yes     | 7,808,147
609   | 610   | Dreamers         | 5  | 3 - 3 | Yes     | 7,775,880
610   | 663   | Dreamers         | 5  | 3 - 3 | Yes     | 7,775,880
611   | 664   | Arcana           | 12  | 4 - 2 | Yes     | 7,773,952
612   | 508   | Sankta           | 9  | 3 - 3 | Yes     | 7,762,349
613   | 665   | Sankta           | 9  | 3 - 3 | Yes     | 7,762,349
614   | 666   | Quetzalcóatl     | 8  | 3 - 3 | Yes     | 7,736,595
615   | 539   | Gatorland        | 4  | 3 - 3 | Yes     | 7,730,719
616   | 667   | Gatorland        | 4  | 3 - 3 | Yes     | 7,730,719
617   | 668   | NASA             | 5  | 3 - 3 | Yes     | 7,723,950
618   | 527   | Phase            | 6  | 2 - 4 | Yes     | 7,716,769
619   | 669   | Phase            | 6  | 2 - 4 | Yes     | 7,716,769
620   | 580   | Penumbra         | 5  | 3 - 3 | Yes     | 7,714,058
621   | 670   | Penumbra         | 5  | 3 - 3 | Yes     | 7,714,058
622   | 671   | Flandore         | 12  | 3 - 3 | Yes     | 7,696,132
623   | 504   | MomPasta         | 13  | 4 - 2 | Yes     | 7,692,915
624   | 672   | MomPasta         | 13  | 4 - 2 | Yes     | 7,692,915
625   | 600   | Yubi             | 4  | 2 - 4 | Yes     | 7,668,493
626   | 673   | Yubi             | 4  | 2 - 4 | Yes     | 7,668,493
627   | 553   | Chariot          | 13  | 3 - 3 | Yes     | 7,662,064
628   | 674   | Chariot          | 13  | 3 - 3 | Yes     | 7,662,064
629   | 511   | GrandAvalon      | 9  | 3 - 3 | Yes     | 7,650,763
630   | 675   | GrandAvalon      | 9  | 3 - 3 | Yes     | 7,650,763
631   | 676   | Phets            | 1  | 3 - 3 | Yes     | 7,643,850
632   | 529   | 『MiSFiTS』        | 12  | 3 - 3 | Yes     | 7,637,525
633   | 677   | 『MiSFiTS』        | 12  | 3 - 3 | Yes     | 7,637,525
634   | 543   | Genesis          | 3  | 3 - 3 | Yes     | 7,635,523
635   | 678   | Genesis          | 3  | 3 - 3 | Yes     | 7,635,523
636   | 521   | Aeternum         | 1  | 3 - 3 | Yes     | 7,634,872
637   | 679   | Aeternum         | 1  | 3 - 3 | Yes     | 7,634,872
638   | 680   | BOATcord         | 9  | 4 - 2 | Yes     | 7,623,402
639   | 681   | AYAYA            | 12  | 4 - 2 | Yes     | 7,621,102
640   | 545   | DayBreak         | 8  | 3 - 3 | Yes     | 7,613,396
641   | 682   | DayBreak         | 8  | 3 - 3 | Yes     | 7,613,396
642   | 683   | Légion           | 5  | 3 - 3 | Yes     | 7,607,011
643   | 567   | YoRHa            | 5  | 3 - 3 | Yes     | 7,603,064
644   | 684   | YoRHa            | 5  | 3 - 3 | Yes     | 7,603,064
645   | 562   | BlackBox         | 4  | 2 - 4 | Yes     | 7,595,994
646   | 685   | BlackBox         | 4  | 2 - 4 | Yes     | 7,595,994
647   | 686   | ADIX             | 13  | 2 - 4 | Yes     | 7,577,300
648   | 536   | YoRHa~           | 5  | 3 - 3 | Yes     | 7,570,029
649   | 687   | YoRHa~           | 5  | 3 - 3 | Yes     | 7,570,029
650   | 688   | Authors          | 7  | 3 - 3 | Yes     | 7,569,257
651   | 556   | Glory            | 1  | 3 - 3 | Yes     | 7,565,761
652   | 689   | Glory            | 1  | 3 - 3 | Yes     | 7,565,761
653   | 690   | YoRHa            | 7  | 3 - 3 | Yes     | 7,562,908
654   | 525   | RedHand          | 6  | 4 - 2 | Yes     | 7,554,376
655   | 691   | RedHand          | 6  | 4 - 2 | Yes     | 7,554,376
656   | 692   | Coup-D'état      | 3  | 3 - 3 | Yes     | 7,520,144
657   | 693   | SINoArc          | 13  | 4 - 2 | Yes     | 7,510,560
658   | 694   | FGO              | 6  | 4 - 2 | Yes     | 7,493,558
659   | 582   | 끓는무쇠솥            | 13  | 3 - 3 | Yes     | 7,491,815
660   | 695   | 끓는무쇠솥            | 13  | 3 - 3 | Yes     | 7,491,815
661   | 531   | WitchesTheater   | 10  | 3 - 3 | Yes     | 7,479,164
662   | 696   | WitchesTheater   | 10  | 3 - 3 | Yes     | 7,479,164
663   | 548   | Glace            | 7  | 3 - 3 | Yes     | 7,456,388
664   | 697   | Glace            | 7  | 3 - 3 | Yes     | 7,456,388
665   | 592   | Oblivion         | 10  | 3 - 3 | Yes     | 7,424,938
666   | 698   | Oblivion         | 10  | 3 - 3 | Yes     | 7,424,938
667   | 699   | FemBoys          | 2  | 3 - 3 | Yes     | 7,421,003
668   | 540   | YoRHa            | 2  | 3 - 3 | Yes     | 7,414,436
669   | 700   | YoRHa            | 2  | 3 - 3 | Yes     | 7,414,436
670   | 701   | /alter/          | 5  | 3 - 3 | Yes     | 7,407,600
671   | 702   | Re:[W]rite       | 10  | 4 - 2 | Yes     | 7,405,917
672   | 641   | Facade           | 7  | 3 - 3 | Yes     | 7,404,566
673   | 703   | Facade           | 7  | 3 - 3 | Yes     | 7,404,566
674   | 704   | Gestalt          | 5  | 3 - 3 | Yes     | 7,397,500
675   | 705   | ｕｗｕ♡ｔｏｗｎ         | 5  | 3 - 3 | Yes     | 7,384,695
676   | 578   | 모히또              | 12  | 3 - 3 | Yes     | 7,382,641
677   | 706   | 모히또              | 12  | 3 - 3 | Yes     | 7,382,641
678   | 707   | 바나나우유            | 13  | 2 - 4 | Yes     | 7,380,514
679   | 588   | Anxiety          | 11  | 3 - 3 | Yes     | 7,375,812
680   | 708   | Anxiety          | 11  | 3 - 3 | Yes     | 7,375,812
681   | 709   | Fearless         | 5  | 3 - 3 | Yes     | 7,336,108
682   | 710   | WildCard         | 5  | 2 - 4 | Yes     | 7,325,512
683   | 570   | Rihla            | 12  | 3 - 3 | Yes     | 7,320,440
684   | 711   | Rihla            | 12  | 3 - 3 | Yes     | 7,320,440
685   | 712   | YoRHa            | 10  | 3 - 3 | Yes     | 7,317,657
686   | 713   | Aureus           | 10  | 3 - 3 | Yes     | 7,308,335
687   | 714   | Fabled           | 5  | 3 - 3 | Yes     | 7,294,417
688   | 560   | UNITERA          | 9  | 3 - 3 | Yes     | 7,289,969
689   | 715   | UNITERA          | 9  | 3 - 3 | Yes     | 7,289,969
690   | 590   | Wonders          | 3  | 3 - 3 | Yes     | 7,289,901
691   | 716   | Wonders          | 3  | 3 - 3 | Yes     | 7,289,901
692   | 563   | 4Fun             | 11  | 3 - 3 | Yes     | 7,287,496
693   | 717   | 4Fun             | 11  | 3 - 3 | Yes     | 7,287,496
694   | 718   | 은밀한침대밑           | 12  | 4 - 2 | Yes     | 7,283,156
695   | 719   | Oath             | 5  | 3 - 3 | Yes     | 7,282,291
696   | 720   | [SPC]            | 6  | 3 - 3 | Yes     | 7,277,108
697   | 721   | Magikarp         | 9  | 3 - 3 | Yes     | 7,266,945
698   | 722   | KoNoKEKsuAL      | 12  | 4 - 2 | Yes     | 7,264,725
699   | 723   | CosmoCon         | 4  | 3 - 3 | Yes     | 7,256,655
700   | 724   | Trapnest         | 5  | 3 - 3 | Yes     | 7,254,466
701   | 725   | NieR             | 1  | 3 - 3 | Yes     | 7,237,727
702   | 726   | Foxhound         | 12  | 4 - 2 | Yes     | 7,213,345
703   | 594   | Valkyrie         | 8  | 3 - 3 | Yes     | 7,211,980
704   | 727   | Valkyrie         | 8  | 3 - 3 | Yes     | 7,211,980
705   | 728   | Rebuild_3.0+1.0  | 9  | 3 - 3 | Yes     | 7,210,694
706   | 642   | Dantalion        | 1  | 3 - 3 | Yes     | 7,207,291
707   | 729   | Dantalion        | 1  | 3 - 3 | Yes     | 7,207,291
708   | 730   | Gestalt          | 9  | 3 - 3 | Yes     | 7,204,248
709   | 731   | Astraea          | 4  | 4 - 2 | Yes     | 7,195,871
710   | 648   | NTHRWRLD         | 3  | 3 - 3 | Yes     | 7,188,543
711   | 732   | NTHRWRLD         | 3  | 3 - 3 | Yes     | 7,188,543
712   | 604   | Seikatsu         | 6  | 2 - 4 | Yes     | 7,183,440
713   | 733   | Seikatsu         | 6  | 2 - 4 | Yes     | 7,183,440
714   | 630   | KAR              | 5  | 3 - 3 | Yes     | 7,182,391
715   | 734   | KAR              | 5  | 3 - 3 | Yes     | 7,182,391
716   | 735   | Anime4Life       | 4  | 3 - 3 | Yes     | 7,180,381
717   | 631   | Alchemia         | 11  | 3 - 3 | Yes     | 7,175,698
718   | 736   | Alchemia         | 11  | 3 - 3 | Yes     | 7,175,698
719   | 618   | Abyss            | 9  | 2 - 4 | Yes     | 7,174,455
720   | 737   | Abyss            | 9  | 2 - 4 | Yes     | 7,174,455
721   | 608   | Intoners         | 3  | 3 - 3 | Yes     | 7,173,921
722   | 738   | Intoners         | 3  | 3 - 3 | Yes     | 7,173,921
723   | 606   | Procella         | 6  | 3 - 3 | Yes     | 7,163,446
724   | 739   | Procella         | 6  | 3 - 3 | Yes     | 7,163,446
725   | 740   | Astra            | 4  | 3 - 3 | Yes     | 7,163,303
726   | 617   | IndoSin          | 13  | 3 - 3 | Yes     | 7,159,936
727   | 741   | IndoSin          | 13  | 3 - 3 | Yes     | 7,159,936
728   | 742   | Yonah            | 7  | 3 - 3 | Yes     | 7,147,507
729   | 743   | Rebirth          | 6  | 3 - 3 | Yes     | 7,147,246
730   | 614   | Plague           | 1  | 3 - 3 | Yes     | 7,145,268
731   | 744   | Plague           | 1  | 3 - 3 | Yes     | 7,145,268
732   | 625   | Nocturne         | 7  | 3 - 3 | Yes     | 7,142,408
733   | 745   | Nocturne         | 7  | 3 - 3 | Yes     | 7,142,408
734   | 746   | Rheita           | 11  | 3 - 3 | Yes     | 7,121,617
735   | 747   | Fateful          | 7  | 4 - 2 | Yes     | 7,113,456
736   | 650   | WeebsIn          | 9  | 3 - 3 | Yes     | 7,107,654
737   | 748   | WeebsIn          | 9  | 3 - 3 | Yes     | 7,107,654
738   | 589   | Chaldea          | 7  | 3 - 3 | Yes     | 7,103,189
739   | 749   | Chaldea          | 7  | 3 - 3 | Yes     | 7,103,189
740   | 622   | Sino/Fgo         | 8  | 3 - 3 | Yes     | 7,102,868
741   | 750   | Sino/Fgo         | 8  | 3 - 3 | Yes     | 7,102,868
742   | 643   | StarryNight      | 13  | 3 - 3 | Yes     | 7,099,348
743   | 751   | StarryNight      | 13  | 3 - 3 | Yes     | 7,099,348
744   | 619   | 은하수의밤            | 11  | 3 - 3 | Yes     | 7,075,752
745   | 752   | 은하수의밤            | 11  | 3 - 3 | Yes     | 7,075,752
746   | 753   | SHIRI            | 1  | 3 - 3 | Yes     | 7,073,936
747   | 754   | Aiseiri          | 8  | 2 - 4 | Yes     | 7,070,970
748   | 755   | Log~Horizon      | 8  | 3 - 3 | Yes     | 7,069,562
749   | 587   | GachaElite       | 8  | 3 - 3 | Yes     | 7,064,667
750   | 756   | GachaElite       | 8  | 3 - 3 | Yes     | 7,064,667
751   | 757   | GLUTTONY         | 4  | 3 - 3 | Yes     | 7,057,817
752   | 758   | Sleepers         | 4  | 4 - 2 | Yes     | 7,055,108
753   | 759   | Kukki            | 5  | 3 - 3 | Yes     | 7,048,449
754   | 760   | Mementos         | 13  | 3 - 3 | Yes     | 7,048,141
755   | 761   | Eden             | 9  | 3 - 3 | Yes     | 7,025,439
756   | 762   | 쌀롱               | 11  | 4 - 2 | Yes     | 7,001,055
757   | 763   | Kurobara         | 9  | 2 - 4 | Yes     | 6,996,105
758   | 599   | D.InVivo         | 10  | 2 - 4 | Yes     | 6,979,469
759   | 764   | D.InVivo         | 10  | 2 - 4 | Yes     | 6,979,469
760   | 765   | Delirios         | 8  | 3 - 3 | Yes     | 6,976,010
761   | 766   | NoLuck           | 3  | 3 - 3 | Yes     | 6,962,852
762   | 767   | Papeefs          | 8  | 2 - 4 | Yes     | 6,960,392
763   | 768   | MidnightSnacks   | 4  | 3 - 3 | Yes     | 6,959,924
764   | 769   | LWSR             | 1  | 3 - 3 | Yes     | 6,945,616
765   | 770   | Zodiac           | 8  | 4 - 2 | Yes     | 6,942,982
766   | 771   | Potatoes         | 10  | 3 - 3 | Yes     | 6,932,311
767   | 772   | NotW             | 8  | 2 - 4 | Yes     | 6,930,997
768   | 773   | Vermouth         | 4  | 3 - 3 | Yes     | 6,930,063
769   | 774   | TheRealChaldea   | 9  | 3 - 3 | Yes     | 6,917,510
770   | 775   | \Woska~Woska/    | 9  | 4 - 2 | Yes     | 6,912,705
771   | 776   | History          | 2  | 3 - 3 | Yes     | 6,912,339
772   | 777   | Nekopara         | 8  | 2 - 4 | Yes     | 6,907,448
773   | 778   | Marchen          | 6  | 3 - 3 | Yes     | 6,902,812
774   | 620   | Fabales          | 8  | 2 - 4 | Yes     | 6,899,034
775   | 779   | Fabales          | 8  | 2 - 4 | Yes     | 6,899,034
776   | 780   | SkyPlus          | 8  | 3 - 3 | Yes     | 6,897,232
777   | 781   | P.o.c.           | 5  | 4 - 2 | Yes     | 6,876,705
778   | 782   | Nomlings         | 3  | 3 - 3 | Yes     | 6,875,692
779   | 783   | BlueStar         | 6  | 3 - 3 | Yes     | 6,865,758
780   | 784   | 「XIII」           | 1  | 4 - 2 | Yes     | 6,850,753
781   | 637   | Moonlight        | 3  | 3 - 3 | Yes     | 6,845,473
782   | 785   | Moonlight        | 3  | 3 - 3 | Yes     | 6,845,473
783   | 786   | CultOfLammy      | 12  | 3 - 3 | Yes     | 6,842,029
784   | 787   | Æsir             | 10  | 3 - 3 | Yes     | 6,835,125
785   | 788   | Kingdom          | 9  | 3 - 3 | Yes     | 6,822,718
786   | 789   | CRIMSON          | 9  | 3 - 3 | Yes     | 6,815,784
787   | 790   | Scindo           | 6  | 3 - 3 | Yes     | 6,808,453
788   | 791   | Ragnarök         | 5  | 2 - 4 | Yes     | 6,808,058
789   | 792   | Phantasmagoria   | 5  | 3 - 3 | Yes     | 6,805,018
790   | 793   | Oppai            | 5  | 4 - 2 | Yes     | 6,790,373
791   | 794   | Thirteen         | 10  | 2 - 4 | Yes     | 6,780,921
792   | 795   | LGOW             | 7  | 3 - 3 | Yes     | 6,775,550
793   | 640   | ChilePog         | 6  | 3 - 3 | Yes     | 6,772,084
794   | 796   | ChilePog         | 6  | 3 - 3 | Yes     | 6,772,084
795   | 797   | ☬H̷E̷L̷D̷E̷N̷☬   | 10  | 3 - 3 | Yes     | 6,761,902
796   | 627   | Anasnas          | 5  | 3 - 3 | Yes     | 6,755,893
797   | 798   | Anasnas          | 5  | 3 - 3 | Yes     | 6,755,893
798   | 799   | Madness          | 7  | 3 - 3 | Yes     | 6,724,688
799   | 800   | Walhalla         | 4  | 3 - 3 | Yes     | 6,694,574
800   | 801   | Oblivion         | 10  | 3 - 3 | Yes     | 6,689,389
801   | 802   | LoVirgos         | 7  | 2 - 4 | Yes     | 6,689,208
802   | 803   | Grimson          | 9  | 3 - 3 | Yes     | 6,672,317
803   | 804   | RedHood          | 4  | 2 - 4 | Yes     | 6,662,242
804   | 805   | Ultimate☆Despair | 8  | 3 - 3 | Yes     | 6,638,061
805   | 806   | Réplicas         | 5  | 2 - 4 | Yes     | 6,637,762
806   | 639   | Waifus♡          | 4  | 3 - 3 | Yes     | 6,631,630
807   | 807   | Waifus♡          | 4  | 3 - 3 | Yes     | 6,631,630
808   | 808   | Firebois         | 9  | 4 - 2 | Yes     | 6,630,898
809   | 809   | Palantir         | 9  | 2 - 4 | Yes     | 6,621,974
810   | 810   | Shadowbringers   | 9  | 2 - 4 | Yes     | 6,604,953
811   | 811   | Angel'sTear      | 7  | 2 - 4 | Yes     | 6,601,246
812   | 812   | .izakaya         | 8  | 2 - 4 | Yes     | 6,589,184
813   | 813   | Brigandia        | 8  | 3 - 3 | Yes     | 6,586,971
814   | 814   | 휴식의정원            | 11  | 2 - 4 | Yes     | 6,586,368
815   | 815   | ASTEÂ            | 6  | 3 - 3 | Yes     | 6,581,389
816   | 816   | Morisión         | 9  | 3 - 3 | Yes     | 6,579,673
817   | 817   | TheFellowship    | 5  | 4 - 2 | Yes     | 6,571,507
818   | 818   | EatSh1tVeronica! | 13  | 3 - 3 | Yes     | 6,562,395
819   | 819   | Adagyum          | 7  | 2 - 4 | Yes     | 6,560,754
820   | 820   | Neo-Axiom        | 11  | 3 - 3 | Yes     | 6,547,318
821   | 821   | 수상한암살            | 13  | 3 - 3 | Yes     | 6,541,314
822   | 822   | RainyDay         | 13  | 3 - 3 | Yes     | 6,533,034
823   | 823   | MiniDictadura    | 9  | 3 - 3 | Yes     | 6,528,605
824   | 824   | DeathBy7         | 3  | 2 - 4 | Yes     | 6,525,869
825   | 825   | -F-              | 13  | 3 - 3 | Yes     | 6,503,954
826   | 826   | Pulveris         | 2  | 4 - 2 | Yes     | 6,502,503
827   | 827   | SonsOfAnarchy    | 8  | 3 - 3 | Yes     | 6,493,692
828   | 828   | KurUsagi         | 3  | 3 - 3 | Yes     | 6,493,677
829   | 829   | Arcadia          | 12  | 2 - 4 | Yes     | 6,489,831
830   | 830   | 시붕유치원            | 12  | 3 - 3 | Yes     | 6,486,915
831   | 831   | Exyclid          | 12  | 3 - 3 | Yes     | 6,486,480
832   | 832   | Argonaut         | 11  | 3 - 3 | Yes     | 6,478,479
833   | 833   | Elite|Monkey     | 5  | 3 - 3 | Yes     | 6,473,494
834   | 834   | Tenebris         | 4  | 3 - 3 | Yes     | 6,470,314
835   | 835   | Nazarick         | 6  | 3 - 3 | Yes     | 6,461,592
836   | 836   | Chaldea          | 10  | 3 - 3 | Yes     | 6,449,992
837   | 837   | Wadjet           | 6  | 3 - 3 | Yes     | 6,441,271
838   | 838   | Publisher        | 12  | 3 - 3 | Yes     | 6,434,332
839   | 839   | Simylac          | 4  | 3 - 3 | Yes     | 6,415,602
840   | 840   | /pantsu/         | 3  | 2 - 4 | Yes     | 6,408,037
841   | 841   | SINoMAKE         | 11  | 2 - 4 | Yes     | 6,386,742
842   | 842   | Mantap           | 12  | 3 - 3 | Yes     | 6,379,760
843   | 843   | Dingusi          | 3  | 3 - 3 | Yes     | 6,375,274
844   | 844   | TheNiers         | 5  | 3 - 3 | Yes     | 6,363,708
845   | 845   | BadMojo          | 3  | 3 - 3 | Yes     | 6,363,435
846   | 846   | %=^✓÷×=][*)      | 7  | 3 - 3 | Yes     | 6,361,408
847   | 847   | Folklore         | 5  | 4 - 2 | Yes     | 6,358,561
848   | 848   | Miracles         | 7  | 2 - 4 | Yes     | 6,357,926
849   | 849   | IV-RP            | 3  | 3 - 3 | Yes     | 6,355,323
850   | 850   | Archana          | 12  | 2 - 4 | Yes     | 6,352,918
851   | 851   | Decaídos         | 7  | 2 - 4 | Yes     | 6,349,435
852   | 852   | ExileAngels      | 8  | 3 - 3 | Yes     | 6,342,070
853   | 853   | Longinus         | 12  | 3 - 3 | Yes     | 6,329,600
854   | 854   | Autores          | 8  | 3 - 3 | Yes     | 6,312,089
855   | 855   | LunarTearSociety | 8  | 3 - 3 | Yes     | 6,306,467
856   | 856   | ValeofCrab       | 8  | 2 - 4 | Yes     | 6,305,989
857   | 857   | Nimbus           | 5  | 3 - 3 | Yes     | 6,282,277
858   | 858   | BlueMoon         | 3  | 3 - 3 | Yes     | 6,280,625
859   | 859   | Altea            | 10  | 2 - 4 | Yes     | 6,275,774
860   | 860   | Fidelis          | 5  | 3 - 3 | Yes     | 6,249,386
861   | 861   | Bacurau          | 7  | 2 - 4 | Yes     | 6,240,599
862   | 862   | Nectar           | 10  | 3 - 3 | Yes     | 6,224,984
863   | 863   | Bloodlust        | 8  | 2 - 4 | Yes     | 6,224,443
864   | 864   | 펭귄로지스틱스          | 12  | 2 - 4 | Yes     | 6,218,392
865   | 865   | 4Taro            | 4  | 2 - 4 | Yes     | 6,212,885
866   | 866   | Phoenix          | 6  | 2 - 4 | Yes     | 6,211,725
867   | 867   | BanVaeN          | 13  | 3 - 3 | Yes     | 6,208,063
868   | 868   | Reverie          | 11  | 3 - 3 | Yes     | 6,198,763
869   | 869   | CerealKillerClub | 4  | 2 - 4 | Yes     | 6,192,384
870   | 870   | Fallen           | 2  | 3 - 3 | Yes     | 6,190,135
871   | 871   | RIDENAYA         | 4  | 3 - 3 | Yes     | 6,186,661
872   | 872   | Dreamers         | 7  | 3 - 3 | Yes     | 6,173,501
873   | 873   | Avalon           | 3  | 2 - 4 | Yes     | 6,173,068
874   | 874   | Faith            | 3  | 3 - 3 | Yes     | 6,162,452
875   | 875   | Camelot          | 12  | 4 - 2 | Yes     | 6,158,337
876   | 876   | MajinGod         | 9  | 3 - 3 | Yes     | 6,146,660
877   | 877   | Tranquil         | 13  | 3 - 3 | Yes     | 6,143,411
878   | 878   | Chaldea          | 5  | 2 - 4 | Yes     | 6,142,966
879   | 879   | Potatoes         | 4  | 3 - 3 | Yes     | 6,142,052
880   | 880   | NoppaiGG         | 1  | 3 - 3 | Yes     | 6,139,959
881   | 881   | Ezerien          | 11  | 2 - 4 | Yes     | 6,138,418
882   | 882   | Moonlit⭐         | 4  | 3 - 3 | Yes     | 6,103,691
883   | 883   | Gkilling         | 13  | 3 - 3 | Yes     | 6,091,007
884   | 884   | MoonFall         | 10  | 3 - 3 | Yes     | 6,089,984
885   | 885   | Valkyries        | 5  | 3 - 3 | Yes     | 6,081,345
886   | 886   | Amaurot          | 3  | 3 - 3 | Yes     | 6,070,507
887   | 887   | *SnowRedTears*   | 9  | 3 - 3 | Yes     | 6,068,897
888   | 888   | Solaris          | 9  | 3 - 3 | Yes     | 6,066,863
889   | 889   | Lunar            | 1  | 3 - 3 | Yes     | 6,058,415
890   | 890   | E-Girls          | 10  | 2 - 4 | Yes     | 6,055,476
891   | 891   | SkyL-YRH         | 8  | 2 - 4 | Yes     | 6,053,650
892   | 892   | tutelage         | 2  | 3 - 3 | Yes     | 6,045,569
893   | 893   | Revenant         | 5  | 3 - 3 | Yes     | 6,040,789
894   | 894   | Märchen          | 7  | 4 - 2 | Yes     | 6,037,548
895   | 895   | Inkwell          | 9  | 3 - 3 | Yes     | 6,032,802
896   | 896   | KuroNeko         | 13  | 3 - 3 | Yes     | 6,031,886
897   | 897   | Baneados         | 7  | 3 - 3 | Yes     | 6,025,330
898   | 898   | Elegiac          | 6  | 4 - 2 | Yes     | 6,022,057
899   | 899   | Intoners         | 4  | 4 - 2 | Yes     | 6,016,221
900   | 900   | BlueRain         | 9  | 2 - 4 | Yes     | 6,008,902
901   | 901   | UncleZack's      | 12  | 3 - 3 | Yes     | 6,000,883
902   | 902   | Orchid           | 13  | 3 - 3 | Yes     | 5,983,973
903   | 903   | Teardrop         | 1  | 2 - 4 | Yes     | 5,963,786
904   | 904   | TowerOfGod       | 4  | 3 - 3 | Yes     | 5,962,788
905   | 905   | Automata         | 11  | 3 - 3 | Yes     | 5,953,808
906   | 906   | YoRHa            | 3  | 3 - 3 | Yes     | 5,947,005
907   | 907   | NoLuck           | 6  | 3 - 3 | Yes     | 5,908,093
908   | 908   | Avernus          | 11  | 3 - 3 | Yes     | 5,906,137
909   | 909   | (^¶ω¶^✿)stic     | 8  | 3 - 3 | Yes     | 5,902,296
910   | 910   | Stérimar         | 4  | 4 - 2 | Yes     | 5,901,238
911   | 911   | Silencer         | 7  | 3 - 3 | Yes     | 5,901,139
912   | 912   | Skyhigh          | 10  | 3 - 3 | Yes     | 5,896,223
913   | 913   | Saucisse         | 5  | 2 - 4 | Yes     | 5,895,362
914   | 914   | Svadesha         | 12  | 3 - 3 | Yes     | 5,886,982
915   | 915   | Waifu            | 10  | 3 - 3 | Yes     | 5,881,968
916   | 916   | Isocial          | 13  | 3 - 3 | Yes     | 5,852,496
917   | 917   | Crown​           | 13  | 3 - 3 | Yes     | 5,847,387
918   | 918   | Nacre            | 5  | 3 - 3 | Yes     | 5,844,684
919   | 919   | Golden•Dawn      | 8  | 2 - 4 | Yes     | 5,843,825
920   | 920   | Chaldea          | 3  | 2 - 4 | Yes     | 5,840,584
921   | 921   | Shuuba~          | 1  | 3 - 3 | Yes     | 5,835,155
922   | 922   | Trident          | 12  | 3 - 3 | Yes     | 5,829,457
923   | 923   | Bouken           | 6  | 3 - 3 | Yes     | 5,820,514
924   | 924   | FeshFesh         | 10  | 2 - 4 | Yes     | 5,817,836
925   | 925   | WatameKoujou◉ᴥ◉  | 10  | 2 - 4 | Yes     | 5,815,628
926   | 926   | Babel            | 5  | 3 - 3 | Yes     | 5,805,973
927   | 927   | Celestia         | 3  | 3 - 3 | Yes     | 5,788,511
928   | 928   | Fallacy          | 13  | 2 - 4 | Yes     | 5,783,083
929   | 929   | Cococabra        | 6  | 2 - 4 | Yes     | 5,779,367
930   | 930   | Heaven           | 9  | 1 - 5 | Yes     | 5,773,988
931   | 931   | ＵｗＵ_Ｌａｎｄギルド      | 9  | 2 - 4 | Yes     | 5,772,190
932   | 932   | TGM              | 10  | 3 - 3 | Yes     | 5,762,476
933   | 933   | Sınners          | 11  | 2 - 4 | Yes     | 5,758,004
934   | 934   | ChumBuds         | 9  | 3 - 3 | Yes     | 5,757,711
935   | 935   | CookieClub       | 8  | 3 - 3 | Yes     | 5,750,119
936   | 936   | ╬MatureBearsメ    | 8  | 3 - 3 | Yes     | 5,729,855
937   | 937   | pepegang         | 1  | 2 - 4 | Yes     | 5,729,503
938   | 938   | SINNERS          | 9  | 3 - 3 | Yes     | 5,719,519
939   | 939   | Renacer          | 6  | 3 - 3 | Yes     | 5,685,583
940   | 940   | NieR             | 12  | 3 - 3 | Yes     | 5,675,449
941   | 941   | BLACKPAGE        | 1  | 3 - 3 | Yes     | 5,672,660
942   | 942   | Suikoden         | 5  | 2 - 4 | Yes     | 5,670,521
943   | 943   | 69Degrees        | 11  | 3 - 3 | Yes     | 5,663,053
944   | 944   | Worries          | 5  | 1 - 5 | Yes     | 5,658,763
945   | 945   | Vestalis         | 5  | 3 - 3 | Yes     | 5,657,675
946   | 946   | Eternity         | 3  | 3 - 3 | Yes     | 5,640,424
947   | 947   | Ψ☆Nefilims☆Ψ     | 8  | 2 - 4 | Yes     | 5,631,998
948   | 948   | HYDRA            | 11  | 3 - 3 | Yes     | 5,618,627
949   | 949   | Therapy          | 5  | 3 - 3 | Yes     | 5,617,199
950   | 950   | Indo.Nesia       | 1  | 2 - 4 | Yes     | 5,616,122
951   | 951   | YoRHa            | 4  | 2 - 4 | Yes     | 5,610,661
952   | 952   | Zenith           | 10  | 4 - 2 | Yes     | 5,606,270
953   | 953   | SINoPORE         | 13  | 2 - 4 | Yes     | 5,594,424
954   | 954   | Silver_Kinshi    | 6  | 3 - 3 | Yes     | 5,573,144
955   | 955   | Mahjong          | 1  | 3 - 3 | Yes     | 5,564,544
956   | 956   | Passione         | 11  | 3 - 3 | Yes     | 5,564,157
957   | 957   | TeaParty         | 4  | 2 - 4 | Yes     | 5,562,436
958   | 958   | CrimsonRose      | 8  | 3 - 3 | Yes     | 5,509,090
959   | 959   | Scarlet          | 13  | 2 - 4 | Yes     | 5,509,064
960   | 960   | Artemis          | 9  | 3 - 3 | Yes     | 5,484,752
961   | 961   | Rubies           | 12  | 2 - 4 | Yes     | 5,482,681
962   | 962   | NoEsc            | 6  | 2 - 4 | Yes     | 5,448,306
963   | 963   | Oblivion         | 7  | 2 - 4 | Yes     | 5,443,623
964   | 964   | Cynical          | 10  | 3 - 3 | Yes     | 5,425,272
965   | 965   | Iluminate        | 9  | 2 - 4 | Yes     | 5,421,991
966   | 966   | Infernos         | 10  | 2 - 4 | Yes     | 5,420,278
967   | 967   | Ambition         | 2  | 3 - 3 | Yes     | 5,406,031
968   | 968   | MayoVerse        | 9  | 2 - 4 | Yes     | 5,398,531
969   | 969   | UwU              | 10  | 2 - 4 | Yes     | 5,396,044
970   | 970   | Elfrinia         | 12  | 2 - 4 | Yes     | 5,393,145
971   | 971   | Neptunia         | 3  | 4 - 2 | Yes     | 5,392,307
972   | 972   | Baganzia         | 5  | 3 - 3 | Yes     | 5,388,313
973   | 973   | Rutledge         | 1  | 2 - 4 | Yes     | 5,373,789
974   | 974   | Starlings        | 10  | 2 - 4 | Yes     | 5,373,031
975   | 975   | Rice             | 4  | 3 - 3 | Yes     | 5,364,782
976   | 976   | MassDestruction  | 12  | 3 - 3 | Yes     | 5,353,860
977   | 977   | YoRHa            | 8  | 3 - 3 | Yes     | 5,345,207
978   | 978   | Hysteria         | 4  | 3 - 3 | Yes     | 5,342,878
979   | 979   | YoRNyx           | 10  | 2 - 4 | Yes     | 5,332,781
980   | 980   | GrimGrimoire[α]  | 13  | 2 - 4 | Yes     | 5,327,489
981   | 981   | Hylia            | 8  | 3 - 3 | Yes     | 5,320,646
982   | 982   | Chilezuela       | 7  | 2 - 4 | Yes     | 5,312,758
983   | 983   | Juicy            | 4  | 2 - 4 | Yes     | 5,303,300
984   | 984   | YoRHa            | 5  | 3 - 3 | Yes     | 5,288,985
985   | 985   | Feywilds         | 7  | 2 - 4 | Yes     | 5,288,181
986   | 986   | Dito's           | 9  | 3 - 3 | Yes     | 5,281,419
987   | 987   | FreshSuh-Lammy   | 4  | 3 - 3 | Yes     | 5,274,661
988   | 988   | CoM              | 8  | 3 - 3 | Yes     | 5,259,659
989   | 989   | CHALDEA          | 13  | 2 - 4 | Yes     | 5,239,878
990   | 990   | Saikyou~         | 12  | 3 - 3 | Yes     | 5,239,590
991   | 991   | Yorozuya         | 1  | 3 - 3 | Yes     | 5,233,651
992   | 992   | Darkborn         | 3  | 2 - 4 | Yes     | 5,216,850
993   | 993   | Illigia          | 5  | 3 - 3 | Yes     | 5,208,023
994   | 994   | Omniacs          | 7  | 3 - 3 | Yes     | 5,205,510
995   | 995   | Myrmidon         | 6  | 3 - 3 | Yes     | 5,193,070
996   | 996   | SINoFACE         | 3  | 3 - 3 | Yes     | 5,189,597
997   | 997   | LunaNova         | 5  | 2 - 4 | Yes     | 5,177,842
998   | 998   | Ashurã           | 13  | 2 - 4 | Yes     | 5,176,219
999   | 999   | Shinigami's      | 8  | 2 - 4 | Yes     | 5,172,444
1000  | 1000  | Grimm            | 5  | 3 - 3 | Yes     | 5,165,601
1001  | 1001  | Kaminari         | 11  | 3 - 3 | Yes     | 5,138,610
1002  | 1002  | Mishy~☆          | 7  | 2 - 4 | Yes     | 5,120,783
1003  | 1003  | ItWasMe,DIO!     | 7  | 3 - 3 | Yes     | 5,119,819
1004  | 1004  | 콜로세움하자           | 13  | 2 - 4 | Yes     | 5,096,916
1005  | 1005  | Anon             | 12  | 3 - 3 | Yes     | 5,095,597
1006  | 1006  | Arunafel         | 13  | 2 - 4 | Yes     | 5,090,240
1007  | 1007  | CatsEmpire       | 12  | 3 - 3 | Yes     | 5,089,997
1008  | 1008  | BlueRose         | 4  | 2 - 4 | Yes     | 5,068,693
1009  | 1009  | Dragon           | 1  | 3 - 3 | Yes     | 5,050,613
1010  | 1010  | エロすぎる            | 8  | 3 - 3 | Yes     | 5,046,747
1011  | 1011  | Halucyon         | 12  | 2 - 4 | Yes     | 5,041,597
1012  | 1012  | RaviGang         | 9  | 3 - 3 | Yes     | 5,040,745
1013  | 1013  | ส้มป่อย          | 1  | 2 - 4 | Yes     | 5,030,255
1014  | 1014  | Ayuyumis         | 9  | 3 - 3 | Yes     | 5,028,764
1015  | 1015  | YumeNoKoe        | 5  | 2 - 4 | Yes     | 5,026,504
1016  | 1016  | FInALICE         | 2  | 2 - 4 | Yes     | 5,003,049
1017  | 1017  | 시린이날             | 11  | 3 - 3 | Yes     | 4,996,666
1018  | 1018  | KHAMJA           | 6  | 3 - 3 | Yes     | 4,985,677
1019  | 1019  | Database         | 8  | 3 - 3 | Yes     | 4,983,822
1020  | 1020  | TheMancos        | 10  | 2 - 4 | Yes     | 4,947,211
1021  | 1021  | MasochistPhoenix | 4  | 2 - 4 | Yes     | 4,945,029
1022  | 1022  | ~Rankers~        | 6  | 3 - 3 | Yes     | 4,937,640
1023  | 1023  | EclataxX         | 4  | 2 - 4 | Yes     | 4,919,137
1024  | 1024  | DaiDark          | 2  | 3 - 3 | Yes     | 4,918,838
1025  | 1025  | Cronoire         | 1  | 2 - 4 | Yes     | 4,903,446
1026  | 1026  | Zephyr           | 5  | 2 - 4 | Yes     | 4,896,356
1027  | 1027  | Fanelia          | 12  | 2 - 4 | Yes     | 4,893,274
1028  | 1028  | Pathos           | 9  | 3 - 3 | Yes     | 4,883,136
1029  | 1029  | AXIS             | 11  | 2 - 4 | Yes     | 4,872,007
1030  | 1030  | Mensis           | 2  | 3 - 3 | Yes     | 4,865,180
1031  | 1031  | Igallta          | 6  | 3 - 3 | Yes     | 4,856,371
1032  | 1032  | Somnia           | 9  | 3 - 3 | Yes     | 4,849,580
1033  | 1033  | Lolicon          | 5  | 2 - 4 | Yes     | 4,832,742
1034  | 1034  | Lollipop         | 8  | 3 - 3 | Yes     | 4,815,925
1035  | 1035  | Memoire          | 1  | 3 - 3 | Yes     | 4,814,604
1036  | 1036  | Valhöll          | 5  | 3 - 3 | Yes     | 4,812,335
1037  | 1037  | TornTale         | 7  | 3 - 3 | Yes     | 4,798,490
1038  | 1038  | PPNation         | 11  | 3 - 3 | Yes     | 4,792,400
1039  | 1039  | Paranoia         | 11  | 3 - 3 | Yes     | 4,783,980
1040  | 1040  | EmilShop         | 6  | 3 - 3 | Yes     | 4,777,224
1041  | 1041  | Nier             | 13  | 3 - 3 | Yes     | 4,774,437
1042  | 1042  | Wayfarer         | 10  | 2 - 4 | Yes     | 4,772,735
1043  | 1043  | 언더월드단            | 1  | 3 - 3 | Yes     | 4,764,202
1044  | 1044  | Exodus           | 12  | 3 - 3 | Yes     | 4,763,325
1045  | 1045  | Sinners          | 13  | 3 - 3 | Yes     | 4,753,359
1046  | 1046  | DarkGods@        | 10  | 3 - 3 | Yes     | 4,752,437
1047  | 1047  | TitsAhoy         | 7  | 4 - 2 | Yes     | 4,747,036
1048  | 1048  | Padorumu         | 10  | 3 - 3 | Yes     | 4,741,169
1049  | 1049  | Омут             | 1  | 3 - 3 | Yes     | 4,732,488
1050  | 1050  | Amimir           | 6  | 2 - 4 | Yes     | 4,712,489
1051  | 1051  | Valhalla         | 5  | 3 - 3 | Yes     | 4,706,206
1052  | 1052  | Hollow           | 10  | 3 - 3 | Yes     | 4,699,595
1053  | 1053  | LoveLive         | 3  | 3 - 3 | Yes     | 4,691,966
1054  | 1054  | ☆Waifus☆         | 13  | 3 - 3 | Yes     | 4,672,081
1055  | 1055  | Heartの月          | 9  | 3 - 3 | Yes     | 4,664,782
1056  | 1056  | Keyblade         | 6  | 2 - 4 | Yes     | 4,645,046
1057  | 1057  | NobleGuard       | 11  | 2 - 4 | Yes     | 4,631,699
1058  | 1058  | Nazarick         | 6  | 3 - 3 | Yes     | 4,624,940
1059  | 1059  | Bananas!         | 12  | 2 - 4 | Yes     | 4,616,291
1060  | 1060  | Fate             | 3  | 2 - 4 | Yes     | 4,605,446
1061  | 1061  | loss.jpg         | 5  | 2 - 4 | Yes     | 4,587,737
1062  | 1062  | Outlanders       | 5  | 3 - 3 | Yes     | 4,583,345
1063  | 1063  | RadiantBunnies   | 9  | 2 - 4 | Yes     | 4,579,937
1064  | 1064  | GvZ              | 11  | 2 - 4 | Yes     | 4,566,456
1065  | 1065  | Bloodlust        | 1  | 2 - 4 | Yes     | 4,565,119
1066  | 1066  | Va11-Hall-A      | 10  | 3 - 3 | Yes     | 4,564,468
1067  | 1067  | Redempt          | 6  | 2 - 4 | Yes     | 4,563,932
1068  | 1068  | SunBro           | 3  | 3 - 3 | Yes     | 4,546,597
1069  | 1069  | Tragedia         | 8  | 2 - 4 | Yes     | 4,543,088
1070  | 1070  | Mirage           | 8  | 2 - 4 | Yes     | 4,539,294
1071  | 1071  | Slayer's         | 5  | 2 - 4 | Yes     | 4,537,685
1072  | 1072  | Grimgar          | 3  | 3 - 3 | Yes     | 4,535,662
1073  | 1073  | Wonderland       | 4  | 3 - 3 | Yes     | 4,532,885
1074  | 1074  | OwO              | 8  | 3 - 3 | Yes     | 4,520,361
1075  | 1075  | Mewtaku          | 1  | 2 - 4 | Yes     | 4,519,923
1076  | 1076  | Elysian          | 12  | 2 - 4 | Yes     | 4,519,599
1077  | 1077  | Hypnotic         | 12  | 3 - 3 | Yes     | 4,519,581
1078  | 1078  | indémnis         | 12  | 2 - 4 | Yes     | 4,513,175
1079  | 1079  | ALICE            | 4  | 2 - 4 | Yes     | 4,508,145
1080  | 1080  | Re:Fluff✿        | 6  | 3 - 3 | Yes     | 4,506,079
1081  | 1081  | Crows            | 9  | 2 - 4 | Yes     | 4,505,339
1082  | 1082  | 천하태평             | 12  | 4 - 2 | Yes     | 4,504,644
1083  | 1083  | Nemocus          | 9  | 3 - 3 | Yes     | 4,493,611
1084  | 1084  | 블랙말랑카우           | 11  | 3 - 3 | Yes     | 4,487,458
1085  | 1085  | Insomnia         | 10  | 2 - 4 | Yes     | 4,484,059
1086  | 1086  | BIBLIOTHEQUE     | 12  | 3 - 3 | Yes     | 4,467,171
1087  | 1087  | Lunaria          | 4  | 2 - 4 | Yes     | 4,463,552
1088  | 1088  | DreamKoi         | 7  | 2 - 4 | Yes     | 4,440,828
1089  | 1089  | Kukulkan         | 7  | 2 - 4 | Yes     | 4,413,610
1090  | 1090  | FauxAmis         | 4  | 3 - 3 | Yes     | 4,412,676
1091  | 1091  | Dystopia         | 5  | 2 - 4 | Yes     | 4,406,355
1092  | 1092  | Pandas           | 7  | 2 - 4 | Yes     | 4,396,643
1093  | 1093  | Toast            | 11  | 3 - 3 | Yes     | 4,394,397
1094  | 1094  | Unknown          | 5  | 2 - 4 | Yes     | 4,387,729
1095  | 1095  | Lovely           | 7  | 3 - 3 | Yes     | 4,336,502
1096  | 1096  | 루인바르             | 12  | 2 - 4 | Yes     | 4,334,005
1097  | 1097  | Fenrir           | 6  | 3 - 3 | Yes     | 4,315,175
1098  | 1098  | WitzEnd          | 7  | 2 - 4 | Yes     | 4,310,669
1099  | 1099  | Yakuza           | 5  | 2 - 4 | Yes     | 4,291,084
1100  | 1100  | Penguin          | 2  | 3 - 3 | Yes     | 4,252,514
1101  | 1101  | Arknight         | 1  | 2 - 4 | Yes     | 4,244,792
1102  | 1102  | Reveries         | 5  | 3 - 3 | Yes     | 4,238,618
1103  | 1103  | plitor           | 4  | 2 - 4 | Yes     | 4,238,464
1104  | 1104  | Squard           | 7  | 2 - 4 | Yes     | 4,235,262
1105  | 1105  | SINoMEX          | 8  | 3 - 3 | Yes     | 4,230,480
1106  | 1106  | SINOPOTO         | 2  | 3 - 3 | Yes     | 4,224,897
1107  | 1107  | ChaosLg          | 7  | 2 - 4 | Yes     | 4,202,205
1108  | 1108  | Skario           | 5  | 3 - 3 | Yes     | 4,197,310
1109  | 1109  | Rubrum           | 8  | 3 - 3 | Yes     | 4,186,122
1110  | 1110  | Midgard          | 5  | 2 - 4 | Yes     | 4,178,931
1111  | 1111  | Colours          | 13  | 3 - 3 | Yes     | 4,172,389
1112  | 1112  | AdreNALine       | 6  | 2 - 4 | Yes     | 4,167,355
1113  | 1113  | JuiceBox         | 8  | 2 - 4 | Yes     | 4,155,495
1114  | 1114  | Raven's          | 4  | 3 - 3 | Yes     | 4,146,595
1115  | 1115  | Lameroz          | 13  | 2 - 4 | Yes     | 4,145,385
1116  | 1116  | Lux-Moon         | 10  | 2 - 4 | Yes     | 4,137,587
1117  | 1117  | Yormn's          | 8  | 3 - 3 | Yes     | 4,132,856
1118  | 1118  | Solis            | 5  | 4 - 2 | Yes     | 4,121,116
1119  | 1119  | EvilDoer         | 11  | 3 - 3 | Yes     | 4,094,002
1120  | 1120  | Dragoonn         | 4  | 2 - 4 | Yes     | 4,090,096
1121  | 1121  | Nameless         | 11  | 2 - 4 | Yes     | 4,089,715
1122  | 1122  | NEWLIBRA         | 9  | 3 - 3 | Yes     | 4,074,881
1123  | 1123  | Seafoam          | 4  | 2 - 4 | Yes     | 4,045,691
1124  | 1124  | Nero=Vuoto       | 3  | 3 - 3 | Yes     | 4,045,539
1125  | 1125  | CruzRoja         | 9  | 2 - 4 | Yes     | 4,042,669
1126  | 1126  | SaccharineSweets | 3  | 3 - 3 | Yes     | 4,040,743
1127  | 1127  | NieR             | 3  | 3 - 3 | Yes     | 4,035,324
1128  | 1128  | Endless          | 10  | 2 - 4 | Yes     | 4,014,694
1129  | 1129  | TROLLoALICE      | 6  | 2 - 4 | Yes     | 4,013,795
1130  | 1130  | YoRHa            | 8  | 2 - 4 | Yes     | 3,970,809
1131  | 1131  | Nazarick         | 10  | 2 - 4 | Yes     | 3,968,646
1132  | 1132  | DragonStar       | 13  | 2 - 4 | Yes     | 3,946,290
1133  | 1133  | Bleach           | 1  | 2 - 4 | Yes     | 3,944,022
1134  | 1134  | Dust             | 11  | 2 - 4 | Yes     | 3,936,863
1135  | 1135  | GrimGrimoire[β]  | 13  | 3 - 3 | Yes     | 3,919,755
1136  | 1136  | ΣΟΑ              | 4  | 3 - 3 | Yes     | 3,894,114
1137  | 1137  | 셀레스티얼            | 12  | 3 - 3 | Yes     | 3,892,210
1138  | 1138  | UltraSomnia      | 9  | 2 - 4 | Yes     | 3,882,037
1139  | 1139  | Arcanum          | 13  | 2 - 4 | Yes     | 3,870,727
1140  | 1140  | PureOnes         | 3  | 3 - 3 | Yes     | 3,865,561
1141  | 1141  | Aesir            | 6  | 3 - 3 | Yes     | 3,860,756
1142  | 1142  | DragVanish       | 5  | 3 - 3 | Yes     | 3,857,150
1143  | 1143  | Try              | 12  | 2 - 4 | Yes     | 3,849,653
1144  | 1144  | Platinum         | 8  | 3 - 3 | Yes     | 3,831,547
1145  | 1145  | GáeBulg          | 9  | 2 - 4 | Yes     | 3,819,257
1146  | 1146  | UɴᴛɪʟDᴀᴡɴ        | 8  | 3 - 3 | Yes     | 3,818,152
1147  | 1147  | WaifLove         | 3  | 2 - 4 | Yes     | 3,815,329
1148  | 1148  | FringePhatoms    | 8  | 2 - 4 | Yes     | 3,810,387
1149  | 1149  | Slackers         | 4  | 2 - 4 | Yes     | 3,810,265
1150  | 1150  | Reformed         | 11  | 2 - 4 | Yes     | 3,790,017
1151  | 1151  | Watchers         | 5  | 3 - 3 | Yes     | 3,768,390
1152  | 1152  | 火の味              | 12  | 3 - 3 | Yes     | 3,735,621
1153  | 1153  | Stacia‘s•Gnade   | 4  | 2 - 4 | Yes     | 3,731,779
1154  | 1154  | 쟤보단내가낫지          | 12  | 1 - 5 | Yes     | 3,706,816
1155  | 1155  | Umbra            | 9  | 2 - 4 | Yes     | 3,702,421
1156  | 1156  | SlAckers         | 3  | 3 - 3 | Yes     | 3,697,735
1157  | 1157  | Reincarnation    | 7  | 2 - 4 | Yes     | 3,678,456
1158  | 1158  | 폭발은예술이다          | 12  | 3 - 3 | Yes     | 3,677,837
1159  | 1159  | Divas            | 5  | 3 - 3 | Yes     | 3,675,338
1160  | 1160  | Tsumi_no_bara    | 10  | 2 - 4 | Yes     | 3,671,502
1161  | 1161  | METANoIA         | 12  | 2 - 4 | Yes     | 3,662,810
1162  | 1162  | EMILIA           | 1  | 3 - 3 | Yes     | 3,651,371
1163  | 1163  | Eiscremerausch   | 3  | 3 - 3 | Yes     | 3,642,051
1164  | 1164  | SINergia         | 13  | 2 - 4 | Yes     | 3,609,806
1165  | 1165  | Nekomata         | 9  | 3 - 3 | Yes     | 3,591,855
1166  | 1166  | LSG              | 10  | 2 - 4 | Yes     | 3,576,546
1167  | 1167  | Cosmos           | 9  | 2 - 4 | Yes     | 3,571,059
1168  | 1168  | SaPE             | 5  | 2 - 4 | Yes     | 3,563,155
1169  | 1169  | 연인               | 13  | 2 - 4 | Yes     | 3,559,111
1170  | 1170  | Seiyuu           | 12  | 2 - 4 | Yes     | 3,548,368
1171  | 1171  | Fliedam          | 4  | 3 - 3 | Yes     | 3,538,754
1172  | 1172  | Arcadia          | 11  | 1 - 5 | Yes     | 3,537,105
1173  | 1173  | 7SinCult         | 8  | 2 - 4 | Yes     | 3,536,307
1174  | 1174  | CrimsonFlames    | 1  | 2 - 4 | Yes     | 3,535,569
1175  | 1175  | DayDream         | 4  | 2 - 4 | Yes     | 3,524,089
1176  | 1176  | floyd            | 7  | 3 - 3 | Yes     | 3,523,122
1177  | 1177  | Slackers         | 2  | 3 - 3 | Yes     | 3,516,263
1178  | 1178  | Yomi             | 1  | 2 - 4 | Yes     | 3,515,468
1179  | 1179  | Pandora          | 9  | 3 - 3 | Yes     | 3,512,552
1180  | 1180  | SINoPuppets.Arc  | 12  | 3 - 3 | Yes     | 3,508,279
1181  | 1181  | 커피앤도넛            | 11  | 3 - 3 | Yes     | 3,506,229
1182  | 1182  | Replicants       | 8  | 2 - 4 | Yes     | 3,474,456
1183  | 1183  | SINoFAMS         | 8  | 2 - 4 | Yes     | 3,469,453
1184  | 1184  | Étude            | 9  | 2 - 4 | Yes     | 3,464,606
1185  | 1185  | ^^)人(^^          | 12  | 2 - 4 | Yes     | 3,413,571
1186  | 1186  | ルシナ              | 3  | 3 - 3 | Yes     | 3,408,832
1187  | 1187  | OrgXIII          | 3  | 3 - 3 | Yes     | 3,407,224
1188  | 1188  | Kutubuku         | 12  | 2 - 4 | Yes     | 3,405,256
1189  | 1189  | EmilClones       | 10  | 2 - 4 | Yes     | 3,397,618
1190  | 1190  | SoulWar          | 5  | 2 - 4 | Yes     | 3,359,231
1191  | 1191  | Fallens          | 5  | 3 - 3 | Yes     | 3,355,110
1192  | 1192  | Dark_Knights     | 4  | 2 - 4 | Yes     | 3,340,103
1193  | 1193  | Luminalis        | 11  | 2 - 4 | Yes     | 3,336,578
1194  | 1194  | MarbleBlue       | 7  | 3 - 3 | Yes     | 3,330,750
1195  | 1195  | LunarTea         | 10  | 2 - 4 | Yes     | 3,329,513
1196  | 1196  | Alfamart         | 13  | 2 - 4 | Yes     | 3,317,166
1197  | 1197  | DemonSoul's      | 8  | 3 - 3 | Yes     | 3,314,549
1198  | 1198  | Eidrheim         | 6  | 3 - 3 | Yes     | 3,307,959
1199  | 1199  | F2P_Mini         | 2  | 2 - 4 | Yes     | 3,269,749
1200  | 1200  | [LIBRARY(｡•̀ᴗ-)] | 9  | 2 - 4 | Yes     | 3,269,682
1201  | 1201  | Tsunderes        | 10  | 2 - 4 | Yes     | 3,265,623
1202  | 1202  | Avalon           | 6  | 3 - 3 | Yes     | 3,261,330
1203  | 1203  | Asphyxia         | 13  | 1 - 5 | Yes     | 3,254,216
1204  | 1204  | Mochi            | 8  | 2 - 4 | Yes     | 3,245,868
1205  | 1205  | Prinny_Brigade   | 13  | 2 - 4 | Yes     | 3,241,226
1206  | 1206  | Ragnarok         | 8  | 2 - 4 | Yes     | 3,227,984
1207  | 1207  | RosaChinensis    | 7  | 2 - 4 | Yes     | 3,211,274
1208  | 1208  | IronMaids        | 9  | 2 - 4 | Yes     | 3,194,470
1209  | 1209  | TeaParty         | 5  | 2 - 4 | Yes     | 3,171,320
1210  | 1210  | animeirl         | 6  | 3 - 3 | Yes     | 3,162,841
1211  | 1211  | Punny            | 9  | 2 - 4 | Yes     | 3,158,495
1212  | 1212  | Сплюшки          | 3  | 3 - 3 | Yes     | 3,151,127
1213  | 1213  | Lesouper         | 4  | 2 - 4 | Yes     | 3,146,901
1214  | 1214  | Jellicle         | 7  | 2 - 4 | Yes     | 3,142,077
1215  | 1215  | Magius           | 8  | 2 - 4 | Yes     | 3,134,460
1216  | 1216  | L4L              | 7  | 2 - 4 | Yes     | 3,116,133
1217  | 1217  | [~Wicked~]       | 8  | 2 - 4 | Yes     | 3,112,531
1218  | 1218  | Yurei            | 10  | 3 - 3 | Yes     | 3,104,049
1219  | 1219  | Ahjin            | 10  | 3 - 3 | Yes     | 3,102,465
1220  | 1220  | soon™            | 1  | 2 - 4 | Yes     | 3,099,180
1221  | 1221  | DuoQBugs         | 10  | 1 - 5 | Yes     | 3,095,799
1222  | 1222  | Tato             | 7  | 2 - 4 | Yes     | 3,084,425
1223  | 1223  | Catharsis        | 5  | 3 - 3 | Yes     | 3,081,756
1224  | 1224  | EcchiLand        | 13  | 3 - 3 | Yes     | 3,074,064
1225  | 1225  | SINrne           | 5  | 3 - 3 | Yes     | 3,061,653
1226  | 1226  | Somnus           | 8  | 2 - 4 | Yes     | 3,060,257
1227  | 1227  | DaLads           | 4  | 3 - 3 | Yes     | 3,054,187
1228  | 1228  | Epitaph•         | 5  | 2 - 4 | Yes     | 3,042,652
1229  | 1229  | Closet           | 9  | 2 - 4 | Yes     | 3,037,885
1230  | 1230  | KoS              | 8  | 1 - 5 | Yes     | 3,021,188
1231  | 1231  | Insanity         | 3  | 3 - 3 | Yes     | 3,018,203
1232  | 1232  | Arendelle        | 6  | 2 - 4 | Yes     | 3,000,500
1233  | 1233  | Hyrule           | 7  | 3 - 3 | Yes     | 2,996,626
1234  | 1234  | DarkStar         | 6  | 2 - 4 | Yes     | 2,990,821
1235  | 1235  | Stellae          | 6  | 2 - 4 | Yes     | 2,965,577
1236  | 1236  | 얼음꽃              | 11  | 2 - 4 | Yes     | 2,956,107
1237  | 1237  | Eros             | 2  | 2 - 4 | Yes     | 2,935,041
1238  | 1238  | NieSect          | 10  | 2 - 4 | Yes     | 2,922,523
1239  | 1239  | Nacht            | 12  | 2 - 4 | Yes     | 2,908,244
1240  | 1240  | TheCrew          | 5  | 2 - 4 | Yes     | 2,891,382
1241  | 1241  | MrWolf.Co        | 6  | 3 - 3 | Yes     | 2,890,529
1242  | 1242  | HOTLOADS         | 1  | 2 - 4 | Yes     | 2,880,386
1243  | 1243  | Ardent           | 4  | 3 - 3 | Yes     | 2,871,856
1244  | 1244  | BluBirds         | 9  | 2 - 4 | Yes     | 2,854,847
1245  | 1245  | RedRose          | 1  | 2 - 4 | Yes     | 2,848,168
1246  | 1246  | Bunbuns          | 8  | 2 - 4 | Yes     | 2,834,916
1247  | 1247  | MopTales         | 5  | 2 - 4 | Yes     | 2,806,498
1248  | 1248  | YoRHa:1.2247448  | 4  | 2 - 4 | Yes     | 2,799,736
1249  | 1249  | NullSection      | 9  | 2 - 4 | Yes     | 2,797,330
1250  | 1250  | Trishula         | 8  | 2 - 4 | Yes     | 2,795,163
1251  | 1251  | Automata         | 8  | 2 - 4 | Yes     | 2,790,348
1252  | 1252  | SINful           | 13  | 2 - 4 | Yes     | 2,773,111
1253  | 1253  | E7ernalShadow    | 6  | 2 - 4 | Yes     | 2,772,348
1254  | 1254  | Grimoire         | 6  | 2 - 4 | Yes     | 2,770,662
1255  | 1255  | Oops             | 5  | 3 - 3 | Yes     | 2,767,563
1256  | 1256  | TYBG             | 7  | 2 - 4 | Yes     | 2,761,757
1257  | 1257  | SharkNTS         | 5  | 2 - 4 | Yes     | 2,743,810
1258  | 1258  | Insanity         | 13  | 2 - 4 | Yes     | 2,721,909
1259  | 1259  | Puppets          | 3  | 2 - 4 | Yes     | 2,710,242
1260  | 1260  | YoRHa            | 3  | 2 - 4 | Yes     | 2,705,513
1261  | 1261  | Desparia         | 9  | 2 - 4 | Yes     | 2,704,977
1262  | 1262  | Casuals          | 6  | 2 - 4 | Yes     | 2,678,387
1263  | 1263  | gaydoris         | 3  | 2 - 4 | Yes     | 2,662,019
1264  | 1264  | Oniriums         | 6  | 2 - 4 | Yes     | 2,643,941
1265  | 1265  | Talisman         | 3  | 3 - 3 | Yes     | 2,635,738
1266  | 1266  | AiWS             | 4  | 2 - 4 | Yes     | 2,633,772
1267  | 1267  | 잔혹동화             | 9  | 2 - 4 | Yes     | 2,625,169
1268  | 1268  | Cheshire         | 7  | 2 - 4 | Yes     | 2,620,351
1269  | 1269  | NoTales          | 12  | 2 - 4 | Yes     | 2,609,739
1270  | 1270  | Tiamat           | 2  | 2 - 4 | Yes     | 2,604,537
1271  | 1271  | Arbiters         | 3  | 2 - 4 | Yes     | 2,602,401
1272  | 1272  | BlueDrag         | 4  | 2 - 4 | Yes     | 2,594,836
1273  | 1273  | AROOOGA          | 4  | 2 - 4 | Yes     | 2,591,286
1274  | 1274  | Hades            | 5  | 2 - 4 | Yes     | 2,586,150
1275  | 1275  | LapinSot         | 3  | 3 - 3 | Yes     | 2,583,032
1276  | 1276  | SlowLife         | 12  | 2 - 4 | Yes     | 2,538,200
1277  | 1277  | CelestialDemons  | 1  | 2 - 4 | Yes     | 2,514,394
1278  | 1278  | Saintles         | 6  | 2 - 4 | Yes     | 2,511,079
1279  | 1279  | D.M.C            | 13  | 2 - 4 | Yes     | 2,497,147
1280  | 1280  | SkyIndo          | 13  | 2 - 4 | Yes     | 2,491,761
1281  | 1281  | Flemme           | 5  | 2 - 4 | Yes     | 2,483,604
1282  | 1282  | Nod              | 10  | 2 - 4 | Yes     | 2,457,084
1283  | 1283  | Druffis          | 5  | 2 - 4 | Yes     | 2,455,607
1284  | 1284  | Royal            | 7  | 2 - 4 | Yes     | 2,441,091
1285  | 1285  | NieR             | 5  | 3 - 3 | Yes     | 2,424,904
1286  | 1286  | 탐욕의장             | 12  | 2 - 4 | Yes     | 2,404,930
1287  | 1287  | Pandora          | 4  | 2 - 4 | Yes     | 2,401,198
1288  | 1288  | Star-Alliance    | 5  | 2 - 4 | Yes     | 2,400,469
1289  | 1289  | Vanzyrk          | 9  | 1 - 5 | Yes     | 2,390,218
1290  | 1290  | Euthalia         | 8  | 2 - 4 | Yes     | 2,383,981
1291  | 1291  | LOFM             | 6  | 2 - 4 | Yes     | 2,377,355
1292  | 1292  | DungeonNap       | 10  | 2 - 4 | Yes     | 2,371,443
1293  | 1293  | Dankness         | 5  | 2 - 4 | Yes     | 2,364,190
1294  | 1294  | Shining          | 3  | 3 - 3 | Yes     | 2,359,146
1295  | 1295  | ¿ApplE?          | 13  | 2 - 4 | Yes     | 2,351,764
1296  | 1296  | Seraphic_Chaos   | 4  | 1 - 5 | Yes     | 2,335,233
1297  | 1297  | Betelgeuse       | 5  | 2 - 4 | Yes     | 2,319,874
1298  | 1298  | ClstGato         | 6  | 2 - 4 | Yes     | 2,318,186
1299  | 1299  | -YoRHa-          | 9  | 1 - 5 | Yes     | 2,301,103
1300  | 1300  | ☆707☆            | 2  | 2 - 4 | Yes     | 2,300,780
1301  | 1301  | TectonesGuild    | 10  | 2 - 4 | Yes     | 2,294,944
1302  | 1302  | Narrators        | 1  | 2 - 4 | Yes     | 2,293,553
1303  | 1303  | Neptune’sDevout  | 8  | 2 - 4 | Yes     | 2,279,882
1304  | 1304  | LlewxaM          | 7  | 2 - 4 | Yes     | 2,279,581
1305  | 1305  | Azurite          | 9  | 2 - 4 | Yes     | 2,269,346
1306  | 1306  | Gaymers          | 4  | 2 - 4 | Yes     | 2,264,371
1307  | 1307  | Orders           | 3  | 2 - 4 | Yes     | 2,250,945
1308  | 1308  | Rebirth          | 10  | 2 - 4 | Yes     | 2,249,284
1309  | 1309  | PlayCat          | 13  | 2 - 4 | Yes     | 2,236,815
1310  | 1310  | Spark            | 5  | 2 - 4 | Yes     | 2,218,584
1311  | 1311  | 밥심               | 11  | 2 - 4 | Yes     | 2,198,443
1312  | 1312  | Eorzea           | 7  | 2 - 4 | Yes     | 2,175,598
1313  | 1313  | Bakarina         | 3  | 2 - 4 | Yes     | 2,169,592
1314  | 1314  | DosaElis         | 12  | 2 - 4 | Yes     | 2,167,941
1315  | 1315  | All-Icers        | 5  | 2 - 4 | Yes     | 2,164,236
1316  | 1316  | Tokugawa's       | 6  | 2 - 4 | Yes     | 2,162,731
1317  | 1317  | Valhalla         | 11  | 1 - 5 | Yes     | 2,149,131
1318  | 1318  | Agartha          | 12  | 2 - 4 | Yes     | 2,106,209
1319  | 1319  | Casuals          | 12  | 1 - 5 | Yes     | 2,103,926
1320  | 1320  | MementoMori      | 6  | 2 - 4 | Yes     | 2,085,371
1321  | 1321  | Altria           | 3  | 3 - 3 | Yes     | 2,081,006
1322  | 1322  | Adam             | 5  | 2 - 4 | Yes     | 2,068,279
1323  | 1323  | Pandemonium      | 4  | 2 - 4 | Yes     | 2,067,799
1324  | 1324  | Moostrax         | 4  | 1 - 5 | Yes     | 2,046,110
1325  | 1325  | Adastra          | 1  | 2 - 4 | Yes     | 1,967,377
1326  | 1326  | Thanatos         | 9  | 2 - 4 | Yes     | 1,963,567
1327  | 1327  | Wndrlnd          | 5  | 2 - 4 | Yes     | 1,932,142
1328  | 1328  | bigbeefy         | 3  | 2 - 4 | Yes     | 1,908,517
1329  | 1329  | Arcadia          | 3  | 2 - 4 | Yes     | 1,894,990
1330  | 1330  | CAHP             | 11  | 1 - 5 | Yes     | 1,875,282
1331  | 1331  | Hellothr         | 6  | 1 - 5 | Yes     | 1,857,095
1332  | 1332  | Chesire          | 8  | 1 - 5 | Yes     | 1,847,009
1333  | 1333  | Leagu3ofNON3     | 4  | 2 - 4 | Yes     | 1,830,401
1334  | 1334  | Choco            | 8  | 1 - 5 | Yes     | 1,815,319
1335  | 1335  | 컴파스              | 12  | 1 - 5 | Yes     | 1,807,735
1336  | 1336  | Nihilium         | 4  | 1 - 5 | Yes     | 1,771,123
1337  | 1337  | KupoClub         | 11  | 2 - 4 | Yes     | 1,742,838
1338  | 1338  | SINoKCB          | 7  | 2 - 4 | Yes     | 1,731,066
1339  | 1339  | ImaSleep         | 9  | 2 - 4 | Yes     | 1,702,638
1340  | 1340  | Amaïaa           | 3  | 2 - 4 | Yes     | 1,656,454
1341  | 1341  | Illusive         | 1  | 1 - 5 | Yes     | 1,602,274
1342  | 1342  | OverFlag         | 7  | 2 - 4 | Yes     | 1,601,231
1343  | 1343  | Mylar            | 5  | 1 - 5 | Yes     | 1,597,925
1344  | 1344  | Ye               | 5  | 2 - 4 | Yes     | 1,592,909
1345  | 1345  | Gestalts         | 8  | 1 - 5 | Yes     | 1,588,185
1346  | 1346  | DailyDrivers     | 6  | 2 - 4 | Yes     | 1,577,603
1347  | 1347  | Zetsubou         | 5  | 2 - 4 | Yes     | 1,533,310
1348  | 1348  | K-on             | 5  | 2 - 4 | Yes     | 1,513,303
1349  | 1349  | NewDawn          | 3  | 2 - 4 | Yes     | 1,495,957
1350  | 1350  | Ebila            | 9  | 1 - 5 | Yes     | 1,446,744
1351  | 1351  | PrincesDestroyer | 7  | 1 - 5 | Yes     | 1,413,424
1352  | 1352  | Vanguard         | 9  | 1 - 5 | Yes     | 1,378,286
1353  | 1353  | Penumbra         | 1  | 1 - 5 | Yes     | 1,349,097
1354  | 1354  | WaifuCollectors  | 3  | 2 - 4 | Yes     | 1,330,633
1355  | 1355  | Kugane           | 12  | 1 - 5 | Yes     | 1,324,653
1356  | 1356  | Liddell          | 12  | 1 - 5 | Yes     | 1,319,828
1357  | 1357  | SoS              | 5  | 1 - 5 | Yes     | 1,298,783
1358  | 1358  | JuraTempest      | 9  | 2 - 4 | Yes     | 1,223,795
1359  | 1359  | Grimm            | 10  | 1 - 5 | Yes     | 1,223,109
1360  | 1360  | Arata            | 7  | 1 - 5 | Yes     | 1,203,204
1361  | 1361  | Pusheen          | 8  | 1 - 5 | Yes     | 1,137,505
1362  | 1362  | YoRHa            | 9  | 1 - 5 | Yes     | 1,081,731
1363  | 1363  | Seirei           | 3  | 1 - 5 | Yes     | 1,033,375
1364  | 1364  | Symphogear!!     | 5  | 1 - 5 | Yes     | 1,027,348
1365  | 1365  | 잔혹동화출판사          | 11  | 1 - 5 | Yes     | 1,005,764
1366  | 1366  | SHADOW           | 5  | 1 - 5 | Yes     | 999,403
1367  | 1367  | Quills           | 4  | 1 - 5 | Yes     | 969,413
1368  | 1368  | TheArk           | 10  | 1 - 5 | Yes     | 956,747
1369  | 1369  | Arc°Nights       | 10  | 1 - 5 | Yes     | 872,397
1370  | 1370  | Talia            | 3  | 1 - 5 | Yes     | 847,804
1371  | 1371  | ۝Author۝         | 7  | 1 - 5 | Yes     | 813,617
1372  | 1372  | TeamSimpMid      | 6  | 1 - 5 | Yes     | 746,828
1373  | 1373  | DragNir          | 5  | 1 - 5 | Yes     | 714,655
1374  | 1374  | Rabbit           | 3  | 1 - 5 | Yes     | 632,013
1375  | 1375  | Redlily          | 5  | 1 - 5 | Yes     | 597,886
1376  | 1376  | TBD              | 11  | 1 - 5 | Yes     | 550,073
1377  | 1377  | 조용조용             | 13  | 1 - 5 | Yes     | 522,064
1378  | 1378  | 길드명추천받습니다        | 13  | 0 - 6 | Yes     | 368,822
1379  | 1379  | Adamas           | 2  | 0 - 6 | Yes     | 341,051
1380  | 1380  | Infernum         | 8  | 0 - 6 | Yes     | 334,758
1381  | 1381  | Ingary           | 3  | 1 - 5 | Yes     | 145,832
1382  | 1382  | LoneWolf         | 1  | 0 - 6 | Yes     | 139,119
1383  | 1383  | 백일몽              | 9  | 0 - 6 | Yes     | 126,746
1384  | 1384  | 천상지유             | 12  | 0 - 6 | Yes     | 116,724
1385  | 1385  | AFKguild         | 4  | 0 - 6 | Yes     | 109,745
1386  | 1386  | SaltGang         | 7  | 0 - 6 | Yes     | 107,012
1387  | 1387  | FuryCats         | 2  | 0 - 6 | Yes     | 79,958
1388  | 1388  | YNotGuild        | 8  | 0 - 6 | Yes     | 62,484
1389  | 1389  | 육식동물원            | 6  | 0 - 6 | Yes     | 62,370
1390  | 1390  | Fables           | 3  | 0 - 6 | Yes     | 54,292
1391  | 1391  | Nohr             | 10  | 0 - 6 | Yes     | 39,470
1392  | 1392  | Nuwbieez         | 1  | 0 - 6 | Yes     | 31,353
1393  | 1393  | Perseverance     | 13  | 0 - 6 | Yes     | 29,439
1394  | 1394  | Atrium           | 5  | 0 - 6 | Yes     | 23,266
1395  | 1395  | Kuuhaku          | 9  | 0 - 6 | Yes     | 16,756
1396  | 1396  | Ventura          | 5  | 0 - 6 | Yes     | 9,123
1397  | 1397  | Lounge           | 13  | 0 - 6 | Yes     | 5,286
1398  | 1398  | Creamed          | 13  | 0 - 6 | Yes     | 3,119
1399  | 1399  | 데덴네              | 11  | 0 - 6 | Yes     | 0